"Data","Último","Abertura","Máxima","Mínima","Vol.","Var%"
"30.10.2020","62,16","62,16","62,16","62,16","0,03K","-0,19%"
"29.10.2020","62,28","62,55","62,55","62,35","0,02K","-1,66%"
"28.10.2020","63,33","63,33","63,33","63,33","0,01K","-0,22%"
"27.10.2020","63,47","63,25","63,25","63,25","0,02K","-0,13%"
"26.10.2020","63,55","63,70","63,70","63,70","0,01K","-0,16%"
"23.10.2020","63,65","63,65","63,65","63,65","0,00K","0,19%"
"22.10.2020","63,53","63,53","63,53","63,53","0,00K","0,95%"
"21.10.2020","62,93","63,40","63,40","63,00","0,00K","-0,90%"
"20.10.2020","63,50","63,50","63,50","63,50","0,02K","-0,24%"
"19.10.2020","63,65","63,60","63,60","63,30","0,06K","0,95%"
"16.10.2020","63,05","62,65","63,00","62,40","0,02K","1,03%"
"15.10.2020","62,41","62,00","62,35","62,00","0,05K","0,68%"
"14.10.2020","61,99","62,50","62,50","62,00","0,04K","0,58%"
"13.10.2020","61,63","60,90","60,90","60,60","0,04K","-0,06%"
"12.10.2020","61,67","62,65","62,65","62,10","0,04K","-2,93%"
"09.10.2020","63,53","63,53","63,53","63,53","0,03K","-0,97%"
"08.10.2020","64,15","64,40","64,40","64,40","0,05K","-0,80%"
"07.10.2020","64,67","64,75","64,75","64,70","0,01K","-1,13%"
"06.10.2020","65,41","65,50","65,50","65,50","0,01K","-0,08%"
"05.10.2020","65,46","65,20","65,45","65,20","0,02K","1,16%"
"02.10.2020","64,71","65,50","65,50","64,75","0,01K","-2,03%"
"01.10.2020","66,05","66,00","66,25","66,00","0,02K","0,30%"
"30.09.2020","65,85","65,65","65,80","65,25","0,04K","0,32%"
"29.09.2020","65,64","66,00","66,10","65,65","0,03K","-0,29%"
"28.09.2020","65,83","65,70","65,75","65,50","0,03K","0,69%"
"25.09.2020","65,38","65,38","65,38","65,38","0,00K","-0,52%"
"24.09.2020","65,72","65,90","66,10","65,60","0,06K","0,12%"
"23.09.2020","65,64","65,25","65,70","65,25","0,05K","0,86%"
"22.09.2020","65,08","64,75","64,75","64,75","0,06K","-0,08%"
"21.09.2020","65,13","65,90","66,20","64,95","0,05K","-0,84%"
"18.09.2020","65,68","64,90","65,50","64,90","0,02K","1,25%"
"17.09.2020","64,87","64,75","65,10","64,50","0,03K","0,36%"
"16.09.2020","64,64","64,00","64,35","64,00","0,02K","2,59%"
"15.09.2020","63,01","63,15","63,25","63,15","0,01K","0,49%"
"14.09.2020","62,70","62,75","63,00","62,50","0,02K","0,71%"
"11.09.2020","62,26","62,25","62,50","62,25","0,00K","1,24%"
"10.09.2020","61,50","61,50","61,50","61,50","0,01K","1,45%"
"09.09.2020","60,62","60,62","60,62","60,62","0,01K","0,45%"
"08.09.2020","60,35","59,70","60,50","59,70","0,01K","1,43%"
"07.09.2020","59,50","59,50","59,50","59,30","0,01K","-0,83%"
"04.09.2020","60,00","60,00","60,10","60,00","0,04K","-1,07%"
"03.09.2020","60,65","60,50","60,50","60,50","0,01K","-0,70%"
"02.09.2020","61,08","61,50","61,50","61,50","0,01K","-1,71%"
"01.09.2020","62,14","62,05","62,30","62,00","0,01K","0,49%"
"31.08.2020","61,84","61,84","61,84","61,84","-","0,52%"
"28.08.2020","61,52","61,50","61,50","61,50","0,03K","0,90%"
"27.08.2020","60,97","60,00","61,00","60,00","0,04K","2,42%"
"26.08.2020","59,53","59,53","59,53","59,53","0,01K","0,76%"
"25.08.2020","59,08","58,35","59,25","58,00","0,03K","1,37%"
"24.08.2020","58,28","58,70","58,70","58,70","0,01K","0,17%"
"21.08.2020","58,18","58,25","58,25","58,25","0,02K","-1,44%"
"20.08.2020","59,03","60,00","60,00","58,90","0,03K","-2,64%"
"19.08.2020","60,63","61,55","61,55","60,60","0,03K","-1,78%"
"18.08.2020","61,73","61,75","61,75","61,75","0,01K","-0,19%"
"17.08.2020","61,85","62,00","62,00","62,00","0,01K","-0,45%"
"14.08.2020","62,13","62,10","62,10","62,10","0,01K","0,24%"
"13.08.2020","61,98","61,95","62,30","61,95","0,02K","0,34%"
"12.08.2020","61,77","62,10","62,10","61,80","0,03K","-1,67%"
"11.08.2020","62,82","63,25","63,25","63,25","0,02K","-2,53%"
"10.08.2020","64,45","64,65","64,65","64,65","0,01K","-1,75%"
"07.08.2020","65,60","65,60","65,60","65,60","0,01K","1,75%"
"06.08.2020","64,47","64,75","64,75","64,75","0,02K","-1,66%"
"05.08.2020","65,56","66,00","66,00","65,75","0,01K","-1,01%"
"04.08.2020","66,23","66,23","66,23","66,23","0,03K","-0,26%"
"03.08.2020","66,40","66,55","66,55","66,55","0,02K","-0,29%"
"31.07.2020","66,59","66,59","66,59","66,59","0,00K","-0,08%"
"30.07.2020","66,64","66,64","66,64","66,64","0,00K","0,21%"
"29.07.2020","66,50","66,50","66,50","66,50","0,01K","0,71%"
"28.07.2020","66,03","66,10","66,10","66,10","0,03K","-0,48%"
"27.07.2020","66,35","67,00","67,00","67,00","0,01K","-0,88%"
"24.07.2020","66,94","66,94","66,94","66,94","0,01K","-0,34%"
"23.07.2020","67,17","67,50","67,50","67,25","0,02K","-0,83%"
"22.07.2020","67,73","68,00","68,00","68,00","0,01K","0,13%"
"21.07.2020","67,64","67,25","67,75","67,25","0,02K","1,50%"
"20.07.2020","66,64","66,90","66,90","66,75","0,01K","-0,76%"
"17.07.2020","67,15","67,25","67,25","67,25","0,03K","0,49%"
"16.07.2020","66,82","67,15","67,15","66,90","0,01K","-1,02%"
"15.07.2020","67,51","67,00","67,75","67,00","0,03K","1,14%"
"14.07.2020","66,75","66,75","66,75","66,75","0,02K","1,06%"
"13.07.2020","66,05","66,05","66,05","66,05","0,01K","0,82%"
"10.07.2020","65,51","65,51","65,51","65,51","-","-0,14%"
"09.07.2020","65,60","65,60","65,60","65,60","0,02K","-0,49%"
"08.07.2020","65,92","66,20","66,20","66,00","0,02K","-1,23%"
"07.07.2020","66,74","66,50","67,00","66,50","0,03K","1,00%"
"06.07.2020","66,08","66,08","66,08","66,08","0,00K","1,38%"
"03.07.2020","65,18","65,35","65,35","65,35","0,01K","-1,17%"
"02.07.2020","65,95","64,85","66,00","64,85","0,01K","2,36%"
"01.07.2020","64,43","64,40","64,55","64,30","0,01K","-0,39%"
"30.06.2020","64,68","64,35","64,75","64,35","0,01K","-0,17%"
"29.06.2020","64,79","64,55","64,95","64,55","0,01K","0,92%"
"26.06.2020","64,20","64,00","64,00","64,00","0,01K","0,80%"
"25.06.2020","63,69","63,35","63,70","63,35","0,02K","-0,48%"
"24.06.2020","64,00","64,00","64,00","64,00","0,01K","0,44%"
"23.06.2020","63,72","63,20","64,00","63,20","0,02K","0,84%"
"22.06.2020","63,19","62,50","63,25","62,50","0,01K","0,16%"
"19.06.2020","63,09","63,00","63,00","63,00","0,01K","0,72%"
"18.06.2020","62,64","62,30","62,30","62,30","0,02K","0,27%"
"17.06.2020","62,47","61,80","62,35","61,80","0,01K","-0,41%"
"16.06.2020","62,73","62,73","62,73","62,73","0,01K","-0,24%"
"15.06.2020","62,88","63,00","63,00","63,00","0,00K","0,35%"
"12.06.2020","62,66","62,66","62,66","62,66","0,01K","-0,02%"
"11.06.2020","62,67","62,75","62,75","62,70","0,01K","-0,89%"
"10.06.2020","63,23","63,00","63,00","63,00","0,01K","-0,24%"
"09.06.2020","63,38","63,38","63,38","63,38","0,01K","-0,55%"
"08.06.2020","63,73","63,70","63,70","63,70","0,03K","-0,14%"
"05.06.2020","63,82","63,25","64,00","63,25","0,02K","1,58%"
"04.06.2020","62,83","62,75","62,75","62,60","0,02K","-0,38%"
"03.06.2020","63,07","62,75","63,25","62,75","0,02K","0,37%"
"02.06.2020","62,84","62,00","62,50","62,00","0,02K","0,88%"
"01.06.2020","62,29","61,50","62,00","61,50","0,01K","2,15%"
"29.05.2020","60,98","60,85","60,85","60,85","0,01K","-0,11%"
"28.05.2020","61,05","62,00","62,00","61,00","0,01K","-1,34%"
"27.05.2020","61,88","62,00","62,00","62,00","0,00K","-0,51%"
"26.05.2020","62,20","62,25","62,25","62,25","0,01K","0,60%"
"25.05.2020","61,83","61,83","61,83","61,83","-","0,00%"
"22.05.2020","61,83","61,75","61,75","61,50","0,01K","-0,15%"
"21.05.2020","61,92","62,50","62,50","62,00","0,03K","-0,71%"
"20.05.2020","62,36","62,00","62,25","62,00","0,05K","0,99%"
"19.05.2020","61,75","61,50","61,50","61,50","0,01K","0,16%"
"18.05.2020","61,65","61,50","61,50","61,50","0,01K","0,18%"
"15.05.2020","61,54","63,50","63,50","62,00","0,04K","-1,54%"
"14.05.2020","62,50","62,50","63,00","62,25","0,04K","0,30%"
"13.05.2020","62,31","61,70","62,35","61,70","0,03K","0,91%"
"12.05.2020","61,75","61,60","62,10","61,60","0,02K","0,26%"
"11.05.2020","61,59","61,00","61,25","60,85","0,01K","0,72%"
"08.05.2020","61,15","61,15","61,15","61,15","-","0,00%"
"07.05.2020","61,15","61,00","61,25","61,00","0,03K","0,82%"
"06.05.2020","60,65","60,75","60,80","60,60","0,01K","0,02%"
"05.05.2020","60,64","60,25","60,65","60,25","0,01K","1,52%"
"04.05.2020","59,73","60,40","60,40","59,70","0,01K","-1,19%"
"01.05.2020","60,45","60,50","60,50","60,50","0,00K","-1,26%"
"30.04.2020","61,22","61,00","61,50","60,95","0,02K","0,86%"
"29.04.2020","60,70","60,00","61,00","60,00","0,02K","1,13%"
"28.04.2020","60,02","59,15","60,00","59,15","0,05K","0,45%"
"27.04.2020","59,75","59,75","59,75","59,75","0,00K","-2,34%"
"24.04.2020","61,18","60,75","61,25","60,75","0,01K","0,00%"
"23.04.2020","61,18","60,20","60,20","60,20","0,03K","0,76%"
"22.04.2020","60,72","60,05","61,20","60,05","0,02K","-0,54%"
"21.04.2020","61,05","61,50","61,50","61,50","0,00K","-2,01%"
"20.04.2020","62,30","62,30","62,30","62,30","0,00K","-0,89%"
"17.04.2020","62,86","62,86","62,86","62,86","0,01K","-0,38%"
"16.04.2020","63,10","63,50","63,50","63,10","0,01K","-1,07%"
"15.04.2020","63,78","64,00","64,00","64,00","0,01K","-1,19%"
"14.04.2020","64,55","64,55","64,55","64,55","0,02K","-2,49%"
"13.04.2020","66,20","66,20","66,20","66,20","-","0,00%"
"09.04.2020","66,20","66,20","66,20","66,20","-","-0,47%"
"08.04.2020","66,51","66,60","66,60","66,40","0,04K","-0,83%"
"07.04.2020","67,07","67,00","67,00","67,00","0,01K","0,00%"
"06.04.2020","67,07","67,07","67,07","67,07","0,01K","1,21%"
"03.04.2020","66,27","66,50","66,50","66,00","0,03K","-0,81%"
"02.04.2020","66,81","67,10","67,10","67,00","0,02K","-1,47%"
"01.04.2020","67,81","67,90","67,90","67,90","0,00K","-1,27%"
"31.03.2020","68,68","68,85","68,85","68,85","0,00K","-0,84%"
"30.03.2020","69,26","69,26","69,26","69,26","0,01K","-1,14%"
"27.03.2020","70,06","70,06","70,06","70,06","0,02K","-0,78%"
"26.03.2020","70,61","70,60","70,60","70,60","0,00K","0,18%"
"25.03.2020","70,48","70,70","70,80","70,25","0,03K","1,60%"
"24.03.2020","69,37","68,60","69,05","68,60","0,00K","3,17%"
"23.03.2020","67,24","68,50","68,50","67,50","0,01K","-2,69%"
"20.03.2020","69,10","69,00","69,10","69,00","0,01K","0,38%"
"19.03.2020","68,84","69,00","69,00","69,00","0,01K","-0,23%"
"18.03.2020","69,00","68,70","69,00","68,70","0,01K","-0,29%"
"17.03.2020","69,20","69,30","69,70","69,00","0,04K","0,17%"
"16.03.2020","69,08","68,90","69,30","68,90","0,01K","0,39%"
"13.03.2020","68,81","68,70","69,00","68,70","0,01K","1,34%"
"12.03.2020","67,90","67,75","68,00","67,75","0,01K","-0,59%"
"11.03.2020","68,30","68,25","68,25","68,25","0,01K","-0,42%"
"10.03.2020","68,59","68,25","68,25","68,20","0,01K","1,06%"
"09.03.2020","67,87","67,75","67,80","67,50","0,02K","-1,67%"
"06.03.2020","69,02","69,00","69,00","68,95","0,01K","-1,19%"
"05.03.2020","69,85","70,00","70,00","70,00","0,01K","0,40%"
"04.03.2020","69,57","69,57","69,57","69,57","0,00K","-0,13%"
"03.03.2020","69,66","69,66","69,66","69,66","0,00K","0,23%"
"02.03.2020","69,50","69,05","69,50","69,05","0,01K","0,51%"
"28.02.2020","69,15","69,00","69,25","69,00","0,01K","-0,62%"
"27.02.2020","69,58","70,00","70,10","69,50","0,02K","-0,24%"
"26.02.2020","69,75","69,25","69,25","69,20","0,01K","-0,04%"
"25.02.2020","69,78","70,25","70,25","70,25","0,00K","-0,21%"
"24.02.2020","69,93","70,25","70,25","69,90","0,01K","-1,41%"
"21.02.2020","70,93","70,90","71,00","70,90","0,00K","-0,21%"
"20.02.2020","71,08","71,35","71,35","71,35","0,01K","-0,64%"
"19.02.2020","71,54","71,35","71,35","70,95","0,01K","-0,01%"
"18.02.2020","71,55","71,55","71,55","71,55","0,00K","-1,97%"
"17.02.2020","72,99","72,65","73,00","72,65","0,01K","0,88%"
"14.02.2020","72,35","72,35","72,35","72,35","0,00K","-0,32%"
"13.02.2020","72,58","72,00","72,50","72,00","0,01K","1,04%"
"12.02.2020","71,83","72,00","72,00","72,00","0,01K","0,07%"
"11.02.2020","71,78","71,70","71,70","71,70","0,01K","2,21%"
"10.02.2020","70,23","70,15","70,20","70,15","0,02K","-1,57%"
"07.02.2020","71,35","71,35","71,35","71,35","0,03K","-2,26%"
"06.02.2020","73,00","73,00","73,00","73,00","0,04K","-0,63%"
"05.02.2020","73,46","74,00","74,00","74,00","0,05K","1,05%"
"04.02.2020","72,70","72,70","72,70","72,70","0,01K","1,64%"
"03.02.2020","71,53","71,53","71,53","71,53","0,01K","5,63%"
"31.01.2020","67,72","67,72","67,72","67,72","0,01K","-0,62%"
"30.01.2020","68,14","68,14","68,14","68,14","0,01K","-0,47%"
"29.01.2020","68,46","68,46","68,46","68,46","-","-0,28%"
"28.01.2020","68,65","68,65","68,65","68,65","-","0,29%"
"27.01.2020","68,45","68,45","68,45","68,45","-","-0,77%"
"24.01.2020","68,98","68,98","68,98","68,98","-","-0,39%"
"23.01.2020","69,25","69,25","69,25","69,25","0,00K","-0,12%"
"22.01.2020","69,33","69,33","69,33","69,33","0,00K","-2,20%"
"21.01.2020","70,89","71,25","71,25","71,25","0,00K","-0,64%"
"20.01.2020","71,35","72,00","72,00","71,75","0,01K","-0,25%"
"17.01.2020","71,53","71,53","71,53","71,53","-","-1,26%"
"16.01.2020","72,44","72,44","72,44","72,44","0,00K","-1,83%"
"15.01.2020","73,79","74,00","74,00","73,65","0,00K","-0,74%"
"14.01.2020","74,34","75,00","75,00","74,90","0,00K","-2,52%"
"13.01.2020","76,26","75,25","76,25","75,25","0,02K","1,59%"
"10.01.2020","75,07","75,60","75,75","75,00","0,01K","2,04%"
"09.01.2020","73,57","72,75","73,35","72,75","0,04K","2,08%"
"08.01.2020","72,07","72,35","72,75","72,35","0,01K","-0,21%"
"07.01.2020","72,22","72,25","72,35","72,25","0,01K","0,46%"
"06.01.2020","71,89","71,89","71,89","71,89","-","0,20%"
"03.01.2020","71,75","71,75","71,75","71,75","0,03K","0,66%"
"02.01.2020","71,28","71,28","71,28","71,28","-","1,06%"
"31.12.2019","70,53","70,53","70,53","70,53","-","-0,01%"
"30.12.2019","70,54","70,30","70,30","70,30","0,02K","-0,20%"
"27.12.2019","70,68","70,68","70,68","70,68","0,00K","0,40%"
"26.12.2019","70,40","70,40","70,40","70,40","-","0,00%"
"24.12.2019","70,40","70,00","70,45","70,00","0,01K","0,72%"
"23.12.2019","69,90","69,85","69,85","69,75","0,02K","0,10%"
"20.12.2019","69,83","70,40","70,40","70,40","0,00K","-1,36%"
"19.12.2019","70,79","71,00","71,00","71,00","0,02K","0,14%"
"18.12.2019","70,69","71,00","71,00","70,65","0,02K","-0,14%"
"17.12.2019","70,79","71,00","71,00","71,00","0,01K","-0,04%"
"16.12.2019","70,82","70,82","70,82","70,82","0,01K","0,10%"
"13.12.2019","70,75","70,75","70,75","70,75","0,00K","-0,41%"
"12.12.2019","71,04","71,00","71,25","71,00","0,02K","0,42%"
"11.12.2019","70,74","70,74","70,74","70,74","0,02K","0,54%"
"10.12.2019","70,36","70,25","70,40","70,20","0,01K","-0,27%"
"09.12.2019","70,55","70,65","70,65","70,65","0,01K","-0,93%"
"06.12.2019","71,21","72,00","72,00","71,00","0,02K","-1,21%"
"05.12.2019","72,08","72,50","72,50","72,10","0,01K","-0,61%"
"04.12.2019","72,52","73,00","73,00","72,50","0,04K","-0,93%"
"03.12.2019","73,20","73,50","73,50","73,25","0,03K","-0,14%"
"02.12.2019","73,30","73,40","73,40","73,25","0,05K","-1,32%"
"29.11.2019","74,28","73,75","73,90","73,75","0,04K","0,95%"
"28.11.2019","73,58","73,60","73,60","73,50","0,01K","-0,41%"
"27.11.2019","73,88","73,60","73,60","73,00","0,06K","-0,42%"
"26.11.2019","74,19","73,10","74,30","73,10","0,03K","1,16%"
"25.11.2019","73,34","75,00","75,00","73,40","0,03K","-1,52%"
"22.11.2019","74,47","74,50","74,75","74,50","0,02K","0,07%"
"21.11.2019","74,42","74,45","74,50","74,45","0,02K","0,09%"
"20.11.2019","74,35","74,25","74,25","74,25","0,02K","0,64%"
"19.11.2019","73,88","73,15","73,80","73,15","0,03K","1,68%"
"18.11.2019","72,66","72,75","72,75","72,75","0,04K","-1,01%"
"15.11.2019","73,40","73,25","73,25","73,25","0,01K","0,55%"
"14.11.2019","73,00","72,25","73,00","72,25","0,03K","0,87%"
"13.11.2019","72,37","72,15","72,30","72,15","0,03K","0,40%"
"12.11.2019","72,08","72,00","72,25","72,00","0,02K","0,71%"
"11.11.2019","71,57","71,70","71,90","71,70","0,01K","-1,26%"
"08.11.2019","72,48","72,00","72,00","72,00","0,02K","0,71%"
"07.11.2019","71,97","71,65","72,00","71,65","0,01K","0,18%"
"06.11.2019","71,84","71,75","71,75","71,75","0,02K","-1,02%"
"05.11.2019","72,58","72,50","72,65","72,50","0,01K","0,39%"
"04.11.2019","72,30","71,70","72,25","71,45","0,02K","0,29%"
"01.11.2019","72,09","72,09","72,09","72,09","-","0,11%"
"31.10.2019","72,01","71,90","71,90","71,75","0,02K","-0,19%"
"30.10.2019","72,15","72,50","72,65","72,50","0,03K","-0,21%"
"29.10.2019","72,30","72,40","72,40","72,00","0,03K","-1,20%"
"28.10.2019","73,18","73,35","73,35","72,85","0,05K","-0,31%"
"25.10.2019","73,41","73,75","73,75","73,55","0,05K","-0,85%"
"24.10.2019","74,04","73,80","74,00","73,65","0,04K","-0,22%"
"23.10.2019","74,20","75,30","75,50","74,00","0,03K","-1,60%"
"22.10.2019","75,41","76,25","76,25","75,70","0,07K","-0,32%"
"21.10.2019","75,65","75,75","75,75","75,75","0,02K","0,37%"
"18.10.2019","75,37","75,25","75,25","75,25","0,01K","0,55%"
"17.10.2019","74,96","75,75","75,75","75,00","0,02K","-0,33%"
"16.10.2019","75,21","74,90","75,10","74,90","0,04K","0,11%"
"15.10.2019","75,13","75,65","75,65","75,35","0,01K","-0,77%"
"14.10.2019","75,71","75,65","75,70","75,65","0,02K","-0,16%"
"11.10.2019","75,83","75,83","75,83","75,83","0,02K","0,17%"
"10.10.2019","75,70","76,00","76,00","75,60","0,04K","0,00%"
"09.10.2019","75,70","76,00","76,10","75,70","0,04K","0,11%"
"08.10.2019","75,62","76,00","76,00","75,55","0,04K","0,21%"
"07.10.2019","75,46","75,00","75,25","75,00","0,04K","1,75%"
"04.10.2019","74,16","74,10","74,10","74,10","0,02K","1,04%"
"03.10.2019","73,40","74,85","74,85","73,10","0,04K","-2,09%"
"02.10.2019","74,97","75,75","75,75","74,90","0,03K","-1,42%"
"01.10.2019","76,05","76,25","76,25","76,00","0,02K","-0,68%"
"30.09.2019","76,57","76,50","76,50","76,00","0,04K","0,75%"
"27.09.2019","76,00","75,50","76,15","75,50","0,02K","0,46%"
"26.09.2019","75,65","75,80","76,00","75,80","0,02K","1,07%"
"25.09.2019","74,85","75,25","75,25","74,95","0,02K","-1,10%"
"24.09.2019","75,68","76,25","76,25","76,00","0,01K","-1,07%"
"23.09.2019","76,50","76,50","76,50","76,50","0,01K","-1,52%"
"20.09.2019","77,68","77,68","77,68","77,68","0,00K","0,31%"
"19.09.2019","77,44","77,75","77,75","77,75","0,02K","0,40%"
"18.09.2019","77,13","77,35","77,35","77,10","0,03K","-0,95%"
"17.09.2019","77,87","78,25","78,55","78,00","0,02K","-0,95%"
"16.09.2019","78,62","78,00","78,75","78,00","0,02K","1,96%"
"13.09.2019","77,11","76,75","77,00","76,75","0,01K","1,33%"
"12.09.2019","76,10","76,00","76,50","76,00","0,02K","0,65%"
"11.09.2019","75,61","76,00","76,25","75,50","0,03K","-0,50%"
"10.09.2019","75,99","75,00","75,90","75,00","0,05K","1,99%"
"09.09.2019","74,51","74,25","74,50","74,25","0,03K","-0,55%"
"06.09.2019","74,92","75,00","75,00","75,00","0,01K","0,19%"
"05.09.2019","74,78","74,55","74,55","74,50","0,01K","1,33%"
"04.09.2019","73,80","74,00","74,25","74,00","0,04K","0,01%"
"03.09.2019","73,79","72,60","74,00","72,60","0,01K","2,10%"
"02.09.2019","72,27","71,50","71,50","71,50","0,01K","0,43%"
"30.08.2019","71,96","72,30","72,75","71,90","0,02K","-0,47%"
"29.08.2019","72,30","71,30","71,85","71,30","0,03K","1,16%"
"28.08.2019","71,47","72,00","72,00","71,75","0,03K","-1,62%"
"27.08.2019","72,65","73,00","73,00","72,50","0,02K","-0,56%"
"26.08.2019","73,06","73,75","73,75","73,75","0,00K","-0,27%"
"23.08.2019","73,26","73,00","73,20","73,00","0,00K","0,49%"
"22.08.2019","72,90","72,90","72,90","72,90","0,00K","0,25%"
"21.08.2019","72,72","73,45","73,45","73,00","0,07K","-1,99%"
"20.08.2019","74,20","75,00","75,35","73,80","0,03K","-0,44%"
"19.08.2019","74,53","74,50","74,60","74,50","0,01K","0,70%"
"16.08.2019","74,01","74,25","74,50","74,25","0,01K","-0,20%"
"15.08.2019","74,16","75,35","75,35","74,25","0,05K","-2,36%"
"14.08.2019","75,95","76,00","76,00","75,90","0,02K","-1,12%"
"13.08.2019","76,81","76,50","77,00","76,50","0,02K","0,55%"
"12.08.2019","76,39","76,25","76,25","76,00","0,03K","-0,27%"
"09.08.2019","76,60","76,75","76,75","76,75","0,01K","-1,03%"
"08.08.2019","77,40","77,40","77,40","77,40","0,00K","0,03%"
"07.08.2019","77,38","77,45","77,45","76,75","0,01K","-0,60%"
"06.08.2019","77,85","78,50","78,50","77,85","0,01K","-0,64%"
"05.08.2019","78,35","78,50","78,50","78,20","0,01K","-1,38%"
"02.08.2019","79,45","79,45","79,45","79,45","0,01K","0,00%"
"01.08.2019","79,45","78,80","79,75","78,80","0,03K","0,74%"
"31.07.2019","78,87","79,00","79,00","78,75","0,03K","-0,39%"
"30.07.2019","79,18","79,75","79,75","79,25","0,01K","-0,34%"
"29.07.2019","79,45","79,70","79,75","79,25","0,02K","-0,56%"
"26.07.2019","79,90","80,50","80,50","79,75","0,00K","-1,42%"
"25.07.2019","81,05","81,25","81,30","81,00","0,01K","0,19%"
"24.07.2019","80,90","80,25","80,90","80,25","0,02K","-1,15%"
"23.07.2019","81,84","81,55","81,75","81,55","0,02K","0,54%"
"22.07.2019","81,40","82,00","82,00","81,00","0,01K","-0,12%"
"19.07.2019","81,50","80,00","81,80","80,00","0,02K","2,39%"
"18.07.2019","79,60","79,75","79,75","79,50","0,02K","-0,44%"
"17.07.2019","79,95","78,50","79,50","78,50","0,01K","1,46%"
"16.07.2019","78,80","79,10","79,10","78,75","0,00K","-0,88%"
"15.07.2019","79,50","79,50","79,50","79,50","0,01K","-0,44%"
"12.07.2019","79,85","80,50","80,50","79,60","0,03K","-1,18%"
"11.07.2019","80,80","82,00","82,00","80,50","0,04K","-1,16%"
"10.07.2019","81,75","81,25","81,95","81,25","0,01K","2,03%"
"09.07.2019","80,12","80,12","80,12","80,12","0,00K","-0,84%"
"08.07.2019","80,80","81,00","81,00","80,25","0,01K","0,06%"
"05.07.2019","80,75","80,50","80,75","80,00","0,03K","-0,12%"
"04.07.2019","80,85","79,25","81,00","79,25","0,02K","3,52%"
"03.07.2019","78,10","78,00","78,00","78,00","0,04K","1,17%"
"02.07.2019","77,20","77,00","77,65","77,00","0,03K","0,01%"
"01.07.2019","77,19","77,19","77,19","77,19","0,00K","-0,01%"
"28.06.2019","77,20","77,20","77,20","77,20","0,03K","0,65%"
"27.06.2019","76,70","76,70","76,70","76,70","0,03K","-0,71%"
"26.06.2019","77,25","76,50","76,80","76,50","0,01K","0,39%"
"25.06.2019","76,95","77,50","77,50","77,00","0,02K","-1,22%"
"24.06.2019","77,90","78,00","78,00","77,50","0,01K","-0,45%"
"21.06.2019","78,25","77,35","78,25","77,35","0,02K","1,49%"
"20.06.2019","77,10","77,00","77,25","77,00","0,01K","1,31%"
"19.06.2019","76,10","76,10","76,10","76,10","0,01K","-1,10%"
"18.06.2019","76,95","77,10","77,10","76,80","0,02K","-1,09%"
"17.06.2019","77,80","77,10","77,50","77,10","0,01K","-0,51%"
"14.06.2019","78,20","77,75","78,25","77,75","0,02K","-0,94%"
"13.06.2019","78,94","78,94","78,94","78,94","0,00K","0,43%"
"12.06.2019","78,60","78,50","78,55","78,50","0,03K","-2,30%"
"11.06.2019","80,45","80,45","80,45","80,45","0,01K","-0,56%"
"10.06.2019","80,90","80,00","81,00","80,00","0,01K","1,95%"
"07.06.2019","79,35","79,35","79,35","79,35","0,00K","1,34%"
"06.06.2019","78,30","78,65","78,65","78,65","0,00K","0,71%"
"05.06.2019","77,75","77,75","77,75","77,75","0,03K","-2,14%"
"04.06.2019","79,45","79,00","79,00","79,00","0,02K","0,44%"
"03.06.2019","79,10","79,15","79,25","79,10","0,01K","-1,49%"
"31.05.2019","80,30","81,25","81,50","80,50","0,02K","-1,47%"
"30.05.2019","81,50","81,50","81,50","81,50","-","-1,15%"
"29.05.2019","82,45","82,65","82,65","82,65","0,02K","-1,61%"
"28.05.2019","83,80","83,50","83,70","83,50","0,00K","0,07%"
"27.05.2019","83,74","83,74","83,74","83,74","-","0,00%"
"24.05.2019","83,74","83,70","83,75","83,70","0,02K","-0,19%"
"23.05.2019","83,90","84,00","84,00","83,50","0,02K","-0,59%"
"22.05.2019","84,40","83,30","84,25","83,30","0,02K","0,36%"
"21.05.2019","84,10","83,00","84,00","83,00","0,02K","1,26%"
"20.05.2019","83,05","83,05","83,05","83,05","0,03K","-2,09%"
"17.05.2019","84,82","84,75","84,90","84,75","0,03K","-0,56%"
"16.05.2019","85,30","85,45","85,45","85,45","0,01K","-1,67%"
"15.05.2019","86,75","86,75","86,75","86,75","0,05K","-0,52%"
"14.05.2019","87,20","86,00","86,10","85,50","0,01K","0,11%"
"13.05.2019","87,10","87,50","87,50","87,00","0,01K","-0,34%"
"10.05.2019","87,40","87,00","87,25","87,00","0,01K","-0,29%"
"09.05.2019","87,65","87,65","87,65","87,65","0,00K","-1,01%"
"08.05.2019","88,54","87,90","88,00","87,90","0,01K","1,25%"
"07.05.2019","87,45","89,25","89,25","87,35","0,01K","-1,35%"
"06.05.2019","88,65","88,65","88,65","88,65","-","-0,73%"
"03.05.2019","89,30","88,25","89,40","88,25","0,02K","2,53%"
"02.05.2019","87,10","87,10","87,10","87,10","0,00K","0,46%"
"01.05.2019","86,70","87,00","87,00","87,00","0,00K","-0,58%"
"30.04.2019","87,21","86,40","86,40","86,40","0,02K","1,23%"
"29.04.2019","86,15","86,15","86,15","86,15","0,00K","-0,92%"
"26.04.2019","86,95","86,60","86,60","86,60","0,00K","-0,34%"
"25.04.2019","87,25","87,25","87,25","87,25","0,01K","-0,33%"
"24.04.2019","87,54","89,40","89,40","87,00","0,04K","-1,75%"
"23.04.2019","89,10","89,00","89,00","89,00","0,01K","0,85%"
"22.04.2019","88,35","88,35","88,35","88,35","-","0,00%"
"18.04.2019","88,35","88,75","88,75","88,25","0,01K","-0,89%"
"17.04.2019","89,14","88,25","89,00","88,25","0,01K","1,64%"
"16.04.2019","87,70","88,00","88,00","87,60","0,00K","-0,34%"
"15.04.2019","88,00","89,50","89,50","88,00","0,01K","-1,39%"
"12.04.2019","89,24","88,50","89,25","88,50","0,02K","0,61%"
"11.04.2019","88,70","87,00","88,50","86,75","0,05K","1,37%"
"10.04.2019","87,50","89,00","89,25","87,50","0,03K","-1,13%"
"09.04.2019","88,50","87,50","88,40","87,50","0,02K","1,67%"
"08.04.2019","87,05","86,35","87,00","86,35","0,01K","0,83%"
"05.04.2019","86,33","84,75","86,00","84,75","0,02K","2,23%"
"04.04.2019","84,45","84,45","84,45","84,45","0,00K","0,78%"
"03.04.2019","83,80","84,50","84,50","83,00","0,07K","-0,95%"
"02.04.2019","84,60","84,70","85,20","84,70","0,04K","-0,44%"
"01.04.2019","84,97","84,60","84,75","84,60","0,03K","0,74%"
"29.03.2019","84,35","85,00","85,00","84,00","0,03K","-1,76%"
"28.03.2019","85,86","86,65","86,65","86,65","0,01K","-1,24%"
"27.03.2019","86,94","87,00","88,20","86,90","0,04K","0,05%"
"26.03.2019","86,90","86,00","86,90","86,00","0,02K","1,34%"
"25.03.2019","85,75","85,25","85,50","85,25","0,02K","0,53%"
"22.03.2019","85,30","85,40","85,40","85,00","0,03K","-0,46%"
"21.03.2019","85,69","85,50","85,75","85,25","0,02K","-0,65%"
"20.03.2019","86,25","84,65","86,30","84,65","0,04K","0,70%"
"19.03.2019","85,65","86,25","86,25","85,50","0,01K","-1,21%"
"18.03.2019","86,70","86,00","86,90","85,40","0,03K","0,87%"
"15.03.2019","85,95","87,55","87,55","86,70","0,03K","-1,66%"
"14.03.2019","87,40","87,05","87,50","87,05","0,01K","0,40%"
"13.03.2019","87,05","87,50","87,50","87,00","0,02K","-0,68%"
"12.03.2019","87,65","87,80","88,00","87,80","0,08K","0,53%"
"11.03.2019","87,19","87,19","87,19","87,19","0,01K","-0,41%"
"08.03.2019","87,55","88,75","88,75","87,80","0,01K","-2,29%"
"07.03.2019","89,60","89,00","89,25","89,00","0,01K","0,45%"
"06.03.2019","89,20","90,35","90,35","89,00","0,02K","-1,87%"
"05.03.2019","90,90","92,25","92,25","91,00","0,01K","-1,94%"
"04.03.2019","92,70","93,00","93,00","92,75","0,00K","0,54%"
"01.03.2019","92,20","92,50","92,50","92,30","0,00K","0,11%"
"28.02.2019","92,10","92,00","92,05","92,00","0,01K","0,82%"
"27.02.2019","91,35","91,20","91,20","91,20","0,00K","1,05%"
"26.02.2019","90,40","90,50","90,50","90,50","0,01K","0,44%"
"25.02.2019","90,00","90,00","90,00","90,00","-","0,29%"
"22.02.2019","89,74","90,25","90,25","89,80","0,00K","-0,62%"
"21.02.2019","90,30","90,30","90,30","90,30","-","-1,37%"
"20.02.2019","91,55","91,55","91,55","91,55","0,00K","1,67%"
"19.02.2019","90,05","89,75","90,05","89,50","0,01K","0,00%"
"18.02.2019","90,05","90,00","91,00","90,00","0,02K","0,73%"
"15.02.2019","89,40","89,40","89,40","89,40","-","1,65%"
"14.02.2019","87,95","88,20","88,20","88,00","0,01K","-0,96%"
"13.02.2019","88,80","88,00","88,75","88,00","0,01K","1,43%"
"12.02.2019","87,55","87,50","87,75","87,50","0,01K","-0,57%"
"11.02.2019","88,05","87,00","88,00","87,00","0,03K","-0,84%"
"08.02.2019","88,80","89,00","89,00","89,00","0,01K","-1,50%"
"07.02.2019","90,15","90,50","90,50","90,50","0,01K","-1,69%"
"06.02.2019","91,70","91,80","91,80","91,75","0,01K","0,77%"
"05.02.2019","91,00","92,00","92,00","91,00","0,03K","-0,76%"
"04.02.2019","91,70","91,80","91,80","91,40","0,03K","-1,50%"
"01.02.2019","93,10","93,10","93,10","93,10","0,01K","-1,37%"
"31.01.2019","94,39","94,39","94,39","94,39","0,02K","-1,32%"
"30.01.2019","95,65","95,75","95,75","95,75","0,02K","1,00%"
"29.01.2019","94,70","93,75","94,50","93,75","0,03K","0,26%"
"28.01.2019","94,45","94,40","94,40","94,40","0,01K","-4,64%"
"25.01.2019","99,05","99,05","99,05","99,05","-","0,69%"
"24.01.2019","98,37","98,37","98,37","98,37","0,01K","-0,74%"
"23.01.2019","99,10","99,10","99,10","99,10","-","0,38%"
"22.01.2019","98,72","98,72","98,72","98,72","-","0,02%"
"21.01.2019","98,70","98,70","98,70","98,70","-","-1,09%"
"18.01.2019","99,79","99,79","99,79","99,79","0,01K","0,27%"
"17.01.2019","99,52","99,52","99,52","99,52","-","0,70%"
"16.01.2019","98,83","98,83","98,83","98,83","0,00K","2,54%"
"15.01.2019","96,38","96,38","96,38","96,38","0,00K","1,43%"
"14.01.2019","95,02","95,02","95,02","95,02","-","-0,18%"
"11.01.2019","95,19","95,19","95,19","95,19","-","0,23%"
"10.01.2019","94,97","94,97","94,97","94,97","-","0,13%"
"09.01.2019","94,85","94,85","94,85","94,85","0,02K","0,12%"
"08.01.2019","94,74","94,74","94,74","94,74","0,01K","-0,82%"
"07.01.2019","95,52","95,50","95,50","95,40","0,01K","-0,38%"
"04.01.2019","95,88","95,88","95,88","95,88","0,01K","-0,18%"
"03.01.2019","96,05","97,00","97,00","97,00","0,01K","-1,37%"
"02.01.2019","97,38","98,00","98,00","97,50","0,02K","-0,58%"
"31.12.2018","97,95","97,95","97,95","97,95","0,00K","-0,41%"
"28.12.2018","98,35","98,35","98,35","98,35","-","-0,08%"
"27.12.2018","98,43","98,43","98,43","98,43","-","-0,16%"
"26.12.2018","98,59","98,59","98,59","98,59","-","0,11%"
"24.12.2018","98,48","98,48","98,48","98,48","-","-0,27%"
"21.12.2018","98,75","98,75","98,75","98,75","0,02K","0,71%"
"20.12.2018","98,05","98,00","98,00","98,00","0,00K","-0,23%"
"19.12.2018","98,28","98,28","98,28","98,28","0,00K","-0,11%"
"18.12.2018","98,39","98,39","98,39","98,39","-","-0,54%"
"17.12.2018","98,92","98,92","98,92","98,92","0,00K","-0,18%"
"14.12.2018","99,10","99,10","99,10","99,10","0,00K","0,33%"
"13.12.2018","98,77","98,30","98,50","98,30","0,00K","0,53%"
"12.12.2018","98,25","98,25","98,25","98,25","0,02K","0,51%"
"11.12.2018","97,75","97,80","97,80","97,50","0,00K","-0,04%"
"10.12.2018","97,79","97,80","97,80","97,80","0,00K","0,11%"
"07.12.2018","97,68","97,75","97,75","97,75","0,01K","0,17%"
"06.12.2018","97,51","97,50","97,50","97,50","0,00K","0,18%"
"05.12.2018","97,33","97,33","97,33","97,33","0,01K","-0,31%"
"04.12.2018","97,63","97,63","97,63","97,63","0,01K","0,67%"
"03.12.2018","96,98","97,65","97,65","96,90","0,02K","0,03%"
"30.11.2018","96,95","97,40","97,40","96,90","0,01K","0,26%"
"29.11.2018","96,70","96,70","96,70","96,70","0,01K","0,87%"
"28.11.2018","95,87","95,87","95,87","95,87","0,02K","0,67%"
"27.11.2018","95,23","95,20","95,20","95,20","0,00K","0,72%"
"26.11.2018","94,55","94,55","94,55","94,55","0,01K","1,34%"
"23.11.2018","93,30","93,30","93,30","93,30","-","-0,27%"
"22.11.2018","93,55","93,55","93,55","93,55","0,01K","0,10%"
"21.11.2018","93,46","93,46","93,46","93,46","0,00K","-0,20%"
"20.11.2018","93,65","93,65","93,65","93,65","0,02K","-0,14%"
"19.11.2018","93,78","93,78","93,78","93,78","0,01K","-0,06%"
"16.11.2018","93,84","93,84","93,84","93,84","0,02K","-2,74%"
"15.11.2018","96,48","96,00","96,50","96,00","0,05K","-0,58%"
"14.11.2018","97,04","97,04","97,04","97,04","0,02K","-3,28%"
"13.11.2018","100,33","100,33","100,33","100,33","-","-1,26%"
"12.11.2018","101,61","101,61","101,61","101,61","0,00K","1,66%"
"09.11.2018","99,95","99,95","99,95","99,95","0,00K","-0,35%"
"08.11.2018","100,30","101,10","101,10","100,25","0,02K","-0,90%"
"07.11.2018","101,21","100,50","100,50","100,50","0,01K","2,06%"
"06.11.2018","99,17","99,00","99,00","98,50","0,02K","-0,23%"
"05.11.2018","99,40","100,00","100,00","99,65","0,01K","-0,63%"
"02.11.2018","100,03","100,03","100,03","100,03","0,01K","0,94%"
"01.11.2018","99,10","99,65","99,65","98,80","0,05K","-2,45%"
"31.10.2018","101,59","101,50","101,50","101,50","0,01K","-1,99%"
"30.10.2018","103,65","103,75","103,75","103,75","0,01K","-1,34%"
"29.10.2018","105,06","105,06","105,06","105,06","0,01K","0,16%"
"26.10.2018","104,89","106,50","106,50","104,80","0,02K","-2,28%"
"25.10.2018","107,34","108,00","108,00","107,80","0,01K","-0,98%"
"24.10.2018","108,40","108,40","108,40","108,40","-","-0,15%"
"23.10.2018","108,56","108,00","108,50","108,00","0,01K","-0,10%"
"22.10.2018","108,67","108,30","108,65","108,30","0,01K","0,15%"
"19.10.2018","108,51","108,51","108,51","108,51","0,01K","0,55%"
"18.10.2018","107,92","107,35","107,35","107,35","0,02K","1,55%"
"17.10.2018","106,27","106,27","106,27","106,27","0,01K","0,44%"
"16.10.2018","105,80","105,80","105,80","105,80","0,00K","1,20%"
"15.10.2018","104,55","104,55","104,55","104,55","-","-0,10%"
"12.10.2018","104,65","104,50","104,50","104,00","0,03K","0,92%"
"11.10.2018","103,70","103,50","104,00","103,50","0,03K","-1,20%"
"10.10.2018","104,96","107,00","107,00","106,00","0,02K","-2,82%"
"09.10.2018","108,01","108,50","108,50","107,50","0,01K","-1,51%"
"08.10.2018","109,67","110,00","110,00","109,50","0,02K","-0,48%"
"05.10.2018","110,20","110,50","110,50","110,00","0,01K","-0,35%"
"04.10.2018","110,59","110,59","110,59","110,59","0,01K","-0,51%"
"03.10.2018","111,16","111,00","111,00","110,90","0,02K","1,07%"
"02.10.2018","109,98","110,25","110,25","109,90","0,01K","-0,24%"
"01.10.2018","110,24","110,00","110,00","110,00","0,02K","1,23%"
"28.09.2018","108,90","108,90","108,90","108,90","0,01K","0,34%"
"27.09.2018","108,53","108,53","108,53","108,53","0,01K","-0,11%"
"26.09.2018","108,65","108,75","108,75","108,75","0,01K","0,51%"
"25.09.2018","108,10","108,10","108,10","108,10","0,02K","0,51%"
"24.09.2018","107,55","107,55","107,55","107,55","0,01K","0,75%"
"21.09.2018","106,75","106,75","106,75","106,75","-","0,24%"
"20.09.2018","106,49","106,49","106,49","106,49","0,00K","-0,94%"
"19.09.2018","107,50","107,00","107,50","107,00","0,01K","0,99%"
"18.09.2018","106,45","106,00","106,00","106,00","0,02K","-0,37%"
"17.09.2018","106,85","106,80","106,80","106,50","0,00K","-0,48%"
"14.09.2018","107,36","106,50","107,75","106,00","0,03K","0,26%"
"13.09.2018","107,08","107,00","107,00","106,75","0,02K","-0,28%"
"12.09.2018","107,38","107,00","107,25","106,75","0,01K","-0,17%"
"11.09.2018","107,56","107,56","107,56","107,56","0,01K","0,17%"
"10.09.2018","107,38","106,00","106,00","106,00","0,02K","2,14%"
"07.09.2018","105,13","105,25","105,25","105,25","0,02K","0,06%"
"06.09.2018","105,07","105,07","105,07","105,07","0,01K","0,14%"
"05.09.2018","104,92","105,10","105,10","104,90","0,00K","0,74%"
"04.09.2018","104,15","104,55","104,55","104,25","0,02K","1,46%"
"03.09.2018","102,65","102,65","102,65","102,65","-","0,98%"
"31.08.2018","101,65","101,75","101,75","101,75","0,03K","0,59%"
"30.08.2018","101,05","103,00","103,00","102,50","0,08K","-1,45%"
"29.08.2018","102,54","99,55","102,00","99,55","0,05K","2,98%"
"28.08.2018","99,57","99,57","99,57","99,57","0,01K","0,90%"
"27.08.2018","98,68","98,68","98,68","98,68","-","0,51%"
"24.08.2018","98,18","97,60","97,70","97,60","0,03K","0,93%"
"23.08.2018","97,28","97,28","97,28","97,28","0,01K","0,39%"
"22.08.2018","96,90","96,85","96,85","96,85","0,01K","0,52%"
"21.08.2018","96,40","96,75","96,75","96,20","0,01K","-0,94%"
"20.08.2018","97,31","97,50","97,50","96,80","0,01K","-0,99%"
"17.08.2018","98,28","97,50","97,50","97,50","0,01K","0,68%"
"16.08.2018","97,62","97,62","97,62","97,62","-","-0,06%"
"15.08.2018","97,68","97,68","97,68","97,68","0,00K","-0,51%"
"14.08.2018","98,18","98,00","98,00","97,75","0,03K","0,45%"
"13.08.2018","97,74","97,74","97,74","97,74","-","0,71%"
"10.08.2018","97,05","97,00","97,00","97,00","0,01K","0,48%"
"09.08.2018","96,59","96,59","96,59","96,59","-","0,48%"
"08.08.2018","96,13","96,50","96,75","96,50","0,01K","-1,13%"
"07.08.2018","97,23","97,23","97,23","97,23","0,01K","0,41%"
"06.08.2018","96,83","96,83","96,83","96,83","0,00K","0,35%"
"03.08.2018","96,49","96,25","96,50","96,25","0,01K","0,17%"
"02.08.2018","96,33","96,00","96,25","96,00","0,02K","0,03%"
"01.08.2018","96,30","96,10","96,30","96,10","0,01K","-1,13%"
"31.07.2018","97,40","97,40","97,40","97,40","-","0,95%"
"30.07.2018","96,48","96,48","96,48","96,48","-","0,54%"
"27.07.2018","95,96","96,00","96,00","96,00","0,01K","-0,11%"
"26.07.2018","96,07","96,07","96,07","96,07","-","-0,57%"
"25.07.2018","96,62","96,62","96,62","96,62","0,00K","0,15%"
"24.07.2018","96,48","96,48","96,48","96,48","0,00K","0,62%"
"23.07.2018","95,89","96,50","96,50","95,90","0,00K","1,03%"
"20.07.2018","94,91","96,00","96,00","95,25","0,02K","-1,85%"
"19.07.2018","96,70","98,00","98,00","98,00","0,02K","-0,87%"
"18.07.2018","97,55","96,50","97,50","96,50","0,01K","1,65%"
"17.07.2018","95,97","95,70","95,70","95,50","0,01K","0,33%"
"16.07.2018","95,65","96,00","96,00","95,50","0,03K","-0,43%"
"13.07.2018","96,06","96,90","96,90","96,20","0,01K","-1,77%"
"12.07.2018","97,79","97,79","97,79","97,79","0,01K","-2,25%"
"11.07.2018","100,04","99,80","99,80","99,80","0,01K","0,06%"
"10.07.2018","99,98","99,98","99,98","99,98","0,01K","0,27%"
"09.07.2018","99,71","99,71","99,71","99,71","0,01K","1,06%"
"06.07.2018","98,66","98,66","98,66","98,66","-","-0,34%"
"05.07.2018","99,00","99,00","99,00","99,00","0,00K","-0,10%"
"04.07.2018","99,10","99,10","99,10","99,10","0,01K","0,47%"
"03.07.2018","98,64","98,64","98,64","98,64","0,02K","0,88%"
"02.07.2018","97,78","97,78","97,78","97,78","0,00K","0,34%"
"29.06.2018","97,45","97,45","97,45","97,45","0,02K","1,51%"
"28.06.2018","96,00","96,00","96,00","96,00","-","-0,38%"
"27.06.2018","96,37","96,37","96,37","96,37","0,01K","1,21%"
"26.06.2018","95,22","95,22","95,22","95,22","-","0,78%"
"25.06.2018","94,48","94,48","94,48","94,48","0,01K","1,91%"
"22.06.2018","92,71","92,40","92,40","92,25","0,02K","0,23%"
"21.06.2018","92,50","92,25","92,25","92,25","0,01K","-2,79%"
"20.06.2018","95,15","95,50","95,90","95,50","0,04K","-1,63%"
"19.06.2018","96,73","97,00","97,00","97,00","0,03K","-0,48%"
"18.06.2018","97,20","97,50","97,50","97,00","0,03K","-0,30%"
"15.06.2018","97,49","97,25","97,50","97,25","0,01K","-0,64%"
"14.06.2018","98,12","98,12","98,12","98,12","0,01K","-0,73%"
"13.06.2018","98,84","98,84","98,84","98,84","0,00K","0,62%"
"12.06.2018","98,23","97,70","98,05","97,70","0,04K","1,47%"
"11.06.2018","96,81","96,50","96,50","96,25","0,04K","0,47%"
"08.06.2018","96,36","96,36","96,36","96,36","0,00K","-0,25%"
"07.06.2018","96,60","96,50","96,50","96,50","0,03K","1,06%"
"06.06.2018","95,59","96,00","96,00","95,95","0,02K","0,06%"
"05.06.2018","95,53","95,53","95,53","95,53","0,01K","-1,16%"
"04.06.2018","96,65","96,65","96,65","96,65","0,01K","1,26%"
"01.06.2018","95,45","96,00","96,00","94,75","0,03K","0,09%"
"31.05.2018","95,36","95,50","95,50","95,50","0,03K","-0,24%"
"30.05.2018","95,59","95,59","95,59","95,59","0,02K","1,09%"
"29.05.2018","94,56","94,00","94,75","93,75","0,02K","-0,34%"
"28.05.2018","94,88","94,88","94,88","94,88","-","0,80%"
"25.05.2018","94,13","93,90","93,90","93,90","0,00K","-1,43%"
"24.05.2018","95,50","94,50","94,50","94,50","0,00K","1,47%"
"23.05.2018","94,12","94,00","94,15","93,80","0,01K","-0,97%"
"22.05.2018","95,04","95,04","95,04","95,04","0,02K","-0,24%"
"21.05.2018","95,27","94,75","95,00","94,75","0,01K","-0,62%"
"18.05.2018","95,86","96,55","96,55","96,15","0,03K","-0,82%"
"17.05.2018","96,65","97,00","97,00","96,50","0,01K","0,65%"
"16.05.2018","96,03","96,00","96,00","96,00","0,03K","0,32%"
"15.05.2018","95,72","96,65","96,65","96,25","0,05K","-0,24%"
"14.05.2018","95,95","94,60","94,90","94,60","0,04K","2,17%"
"11.05.2018","93,91","93,00","93,65","93,00","0,03K","1,14%"
"10.05.2018","92,85","92,25","93,00","92,25","0,01K","1,09%"
"09.05.2018","91,85","92,00","92,00","91,50","0,02K","0,57%"
"08.05.2018","91,33","92,15","92,15","91,50","0,01K","0,36%"
"07.05.2018","91,00","91,00","91,00","91,00","-","0,00%"
"04.05.2018","91,00","90,50","91,15","90,50","0,01K","0,54%"
"03.05.2018","90,51","89,50","90,50","89,50","0,01K","0,76%"
"02.05.2018","89,83","91,00","91,00","90,00","0,03K","-1,64%"
"01.05.2018","91,33","92,75","93,00","91,25","0,03K","-0,73%"
"30.04.2018","92,00","92,25","92,25","92,00","0,04K","0,50%"
"27.04.2018","91,54","90,50","91,00","90,50","0,00K","0,86%"
"26.04.2018","90,76","91,65","91,65","91,25","0,03K","0,35%"
"25.04.2018","90,44","90,25","90,25","90,25","0,02K","1,11%"
"24.04.2018","89,45","89,70","89,70","89,00","0,02K","-0,54%"
"23.04.2018","89,94","90,25","90,25","89,90","0,01K","-0,07%"
"20.04.2018","90,00","90,00","90,00","90,00","0,01K","0,27%"
"19.04.2018","89,76","88,80","90,00","88,80","0,01K","1,62%"
"18.04.2018","88,33","88,00","88,00","88,00","0,01K","2,02%"
"17.04.2018","86,58","88,00","88,00","87,20","0,02K","-2,34%"
"16.04.2018","88,65","88,65","88,65","88,65","0,01K","-0,01%"
"13.04.2018","88,66","88,60","88,60","88,60","0,02K","0,41%"
"12.04.2018","88,30","88,30","88,30","88,30","0,01K","0,50%"
"11.04.2018","87,86","86,25","88,00","86,25","0,03K","1,73%"
"10.04.2018","86,37","86,00","86,00","86,00","0,02K","1,22%"
"09.04.2018","85,33","85,25","85,25","85,25","0,01K","2,07%"
"06.04.2018","83,60","83,60","83,60","83,60","0,01K","-0,10%"
"05.04.2018","83,68","83,30","83,80","83,25","0,03K","1,12%"
"04.04.2018","82,75","83,50","83,75","82,75","0,01K","0,16%"
"03.04.2018","82,62","83,00","83,00","83,00","0,01K","0,24%"
"02.04.2018","82,42","82,42","82,42","82,42","-","0,00%"
"29.03.2018","82,42","81,50","82,00","81,50","0,02K","1,39%"
"28.03.2018","81,29","81,25","81,75","81,25","0,01K","0,48%"
"27.03.2018","80,90","80,25","80,50","80,25","0,01K","0,91%"
"26.03.2018","80,17","80,00","80,00","79,80","0,01K","-0,53%"
"23.03.2018","80,60","80,20","80,70","80,20","0,02K","-0,76%"
"22.03.2018","81,22","81,00","81,00","81,00","0,05K","-0,42%"
"21.03.2018","81,56","81,50","81,50","81,50","0,01K","-0,23%"
"20.03.2018","81,75","81,50","81,85","81,50","0,01K","1,82%"
"19.03.2018","80,29","80,75","80,75","79,90","0,02K","-1,91%"
"16.03.2018","81,85","82,00","82,00","81,75","0,00K","-0,16%"
"15.03.2018","81,98","82,25","82,25","81,75","0,01K","-0,36%"
"14.03.2018","82,28","82,75","82,75","81,70","0,02K","-0,64%"
"13.03.2018","82,81","82,75","82,75","82,60","0,05K","0,13%"
"12.03.2018","82,70","83,65","83,65","82,50","0,01K","-2,43%"
"09.03.2018","84,76","84,60","84,60","84,60","0,00K","0,09%"
"08.03.2018","84,68","85,25","85,25","84,50","0,01K","-1,28%"
"07.03.2018","85,78","86,00","86,50","85,60","0,01K","-1,07%"
"06.03.2018","86,71","87,00","87,00","86,50","0,02K","-0,31%"
"05.03.2018","86,98","87,00","87,00","87,00","0,01K","-0,02%"
"02.03.2018","87,00","86,85","86,85","86,85","0,00K","1,14%"
"01.03.2018","86,02","85,35","85,50","85,35","0,01K","-1,08%"
"28.02.2018","86,96","87,00","87,00","87,00","0,00K","0,00%"
"27.02.2018","86,96","86,00","87,25","86,00","0,02K","-0,28%"
"26.02.2018","87,20","87,50","87,50","87,00","0,01K","-3,33%"
"23.02.2018","90,20","90,20","90,20","90,20","0,01K","0,17%"
"22.02.2018","90,05","89,25","90,25","89,25","0,02K","1,35%"
"21.02.2018","88,85","88,85","88,85","88,85","0,01K","-0,94%"
"20.02.2018","89,69","89,69","89,69","89,69","0,01K","0,76%"
"19.02.2018","89,01","88,00","89,00","88,00","0,01K","1,42%"
"16.02.2018","87,76","86,50","87,00","86,50","0,00K","1,46%"
"15.02.2018","86,50","87,20","87,30","86,50","0,02K","-0,67%"
"14.02.2018","87,08","87,08","87,08","87,08","0,01K","1,37%"
"13.02.2018","85,90","85,90","85,90","85,90","0,01K","1,73%"
"12.02.2018","84,44","84,50","84,50","84,50","0,00K","1,45%"
"09.02.2018","83,23","82,70","84,00","82,70","0,03K","-0,01%"
"08.02.2018","83,24","84,10","84,10","83,30","0,04K","-4,32%"
"07.02.2018","87,00","87,00","87,00","87,00","0,01K","0,61%"
"06.02.2018","86,47","87,70","87,70","87,00","0,01K","-2,13%"
"05.02.2018","88,35","88,10","88,10","88,10","0,01K","0,35%"
"02.02.2018","88,04","88,04","88,04","88,04","-","0,72%"
"01.02.2018","87,41","87,41","87,41","87,41","0,02K","-0,08%"
"31.01.2018","87,48","87,48","87,48","87,48","0,05K","-2,78%"
"30.01.2018","89,98","91,50","91,50","90,75","0,02K","-2,46%"
"29.01.2018","92,25","93,25","93,25","93,25","0,00K","-9,43%"
"26.01.2018","101,86","101,70","101,70","101,65","0,00K","0,21%"
"25.01.2018","101,65","101,90","101,95","101,50","0,01K","0,48%"
"24.01.2018","101,16","100,10","101,30","100,10","0,01K","1,16%"
"23.01.2018","100,00","100,00","100,00","100,00","0,01K","0,17%"
"22.01.2018","99,83","100,00","100,00","99,35","0,01K","0,20%"
"19.01.2018","99,63","99,35","99,55","99,35","0,02K","0,04%"
"18.01.2018","99,59","99,50","99,50","99,50","0,00K","-0,07%"
"17.01.2018","99,66","99,40","99,40","99,00","0,00K","-0,10%"
"16.01.2018","99,76","100,00","100,25","99,75","0,03K","0,55%"
"15.01.2018","99,21","97,50","99,00","97,40","0,01K","1,19%"
"12.01.2018","98,04","98,04","98,04","98,04","-","0,11%"
"11.01.2018","97,93","98,50","98,50","97,75","0,01K","-0,74%"
"10.01.2018","98,66","99,15","99,15","98,70","0,01K","-0,83%"
"09.01.2018","99,49","100,00","100,00","99,50","0,03K","0,46%"
"08.01.2018","99,03","99,50","99,50","99,25","0,01K","1,26%"
"05.01.2018","97,80","98,00","98,00","98,00","0,01K","0,12%"
"04.01.2018","97,68","97,68","97,68","97,68","0,01K","1,61%"
"03.01.2018","96,13","96,13","96,13","96,13","-","0,14%"
"02.01.2018","96,00","96,00","96,00","96,00","0,01K","1,26%"
"29.12.2017","94,81","94,81","94,81","94,81","-","0,51%"
"28.12.2017","94,33","94,33","94,33","94,33","0,01K","0,31%"
"27.12.2017","94,04","94,04","94,04","94,04","-","0,65%"
"26.12.2017","93,43","93,43","93,43","93,43","-","0,00%"
"22.12.2017","93,43","93,20","93,20","93,20","0,01K","-0,23%"
"21.12.2017","93,65","93,85","93,85","93,85","0,01K","-0,69%"
"20.12.2017","94,30","94,80","94,80","94,50","0,01K","-0,97%"
"19.12.2017","95,22","95,22","95,22","95,22","0,01K","-0,23%"
"18.12.2017","95,44","95,50","95,50","95,25","0,02K","0,74%"
"15.12.2017","94,74","94,74","94,74","94,74","0,04K","-0,40%"
"14.12.2017","95,12","95,50","95,50","95,00","0,04K","0,38%"
"13.12.2017","94,76","96,00","96,20","95,85","0,03K","0,38%"
"12.12.2017","94,40","95,00","95,05","94,25","0,03K","1,08%"
"11.12.2017","93,39","92,85","92,85","92,75","0,03K","1,75%"
"08.12.2017","91,78","91,78","91,78","91,78","0,02K","1,05%"
"07.12.2017","90,83","90,83","90,83","90,83","0,01K","0,59%"
"06.12.2017","90,30","90,00","90,00","90,00","0,03K","0,59%"
"05.12.2017","89,77","89,75","89,75","89,75","0,00K","-1,13%"
"04.12.2017","90,80","90,50","90,90","90,50","0,04K","0,89%"
"01.12.2017","90,00","90,35","90,50","89,90","0,03K","0,36%"
"30.11.2017","89,68","89,50","89,50","89,50","0,00K","-0,02%"
"29.11.2017","89,70","89,25","89,25","89,25","0,01K","0,07%"
"28.11.2017","89,64","90,00","90,35","89,75","0,02K","0,92%"
"27.11.2017","88,82","88,45","89,00","88,45","0,03K","1,05%"
"24.11.2017","87,90","87,30","88,30","87,30","0,03K","0,96%"
"23.11.2017","87,06","87,00","87,00","87,00","0,04K","0,73%"
"22.11.2017","86,43","87,00","87,00","86,25","0,00K","-0,23%"
"21.11.2017","86,63","86,63","86,63","86,63","0,02K","-0,32%"
"20.11.2017","86,91","87,35","87,35","87,35","0,02K","1,18%"
"17.11.2017","85,90","85,90","85,90","85,90","0,01K","-0,74%"
"16.11.2017","86,54","87,00","87,00","86,35","0,02K","-2,26%"
"15.11.2017","88,54","88,25","88,50","87,50","0,01K","-0,33%"
"14.11.2017","88,83","88,83","88,83","88,83","0,01K","-1,46%"
"13.11.2017","90,15","90,15","90,15","90,15","0,01K","-0,36%"
"10.11.2017","90,48","89,25","90,50","89,00","0,01K","0,59%"
"09.11.2017","89,95","90,00","90,00","90,00","0,03K","-0,39%"
"08.11.2017","90,30","90,25","90,50","90,00","0,04K","-0,41%"
"07.11.2017","90,67","90,50","90,60","90,50","0,03K","-0,68%"
"06.11.2017","91,29","91,29","91,29","91,29","0,01K","0,67%"
"03.11.2017","90,68","90,50","90,50","90,50","0,00K","-1,76%"
"02.11.2017","92,30","93,25","93,30","92,50","0,03K","-0,56%"
"01.11.2017","92,82","93,00","93,35","92,70","0,06K","0,71%"
"31.10.2017","92,17","90,75","92,25","90,70","0,05K","1,14%"
"30.10.2017","91,13","91,00","91,10","90,75","0,03K","0,04%"
"27.10.2017","91,09","90,75","91,00","90,75","0,01K","0,79%"
"26.10.2017","90,38","90,50","91,00","90,50","0,02K","0,09%"
"25.10.2017","90,30","89,90","90,50","89,90","0,02K","1,14%"
"24.10.2017","89,28","88,00","89,25","88,00","0,04K","0,88%"
"23.10.2017","88,50","88,90","88,90","88,90","0,00K","-0,78%"
"20.10.2017","89,20","89,00","89,30","88,85","0,04K","-0,38%"
"19.10.2017","89,54","91,85","91,85","89,00","0,03K","-2,01%"
"18.10.2017","91,38","90,75","91,50","90,50","0,04K","1,76%"
"17.10.2017","89,80","90,50","90,75","90,00","0,01K","-0,49%"
"16.10.2017","90,24","89,50","90,30","89,40","0,07K","1,82%"
"13.10.2017","88,63","88,50","88,75","88,20","0,01K","0,09%"
"12.10.2017","88,55","89,00","89,00","87,75","0,05K","0,63%"
"11.10.2017","88,00","87,35","88,00","87,30","0,02K","2,03%"
"10.10.2017","86,25","85,50","86,20","85,00","0,03K","0,16%"
"09.10.2017","86,11","85,25","86,00","84,90","0,01K","0,15%"
"06.10.2017","85,98","86,25","86,30","85,50","0,04K","-1,22%"
"05.10.2017","87,04","88,00","88,00","87,00","0,03K","0,03%"
"04.10.2017","87,01","86,25","87,50","86,25","0,10K","1,35%"
"03.10.2017","85,85","85,40","86,35","85,40","0,02K","0,81%"
"02.10.2017","85,16","83,85","85,20","83,75","0,04K","1,39%"
"29.09.2017","83,99","85,55","85,55","83,75","0,06K","-1,88%"
"28.09.2017","85,60","87,25","87,30","85,25","0,03K","-2,78%"
"27.09.2017","88,05","87,50","87,75","87,50","0,04K","0,34%"
"26.09.2017","87,75","88,40","88,50","87,50","0,02K","-0,75%"
"25.09.2017","88,41","87,50","88,50","87,50","0,02K","1,76%"
"22.09.2017","86,88","86,50","87,00","86,50","0,01K","0,10%"
"21.09.2017","86,79","87,00","87,65","87,00","0,06K","-1,26%"
"20.09.2017","87,90","86,50","88,00","86,50","0,02K","1,12%"
"19.09.2017","86,93","85,25","87,00","85,25","0,02K","1,62%"
"18.09.2017","85,54","86,00","86,00","85,55","0,03K","-1,38%"
"15.09.2017","86,74","87,10","87,10","86,50","0,03K","-0,53%"
"14.09.2017","87,20","88,00","88,15","87,60","0,09K","0,13%"
"13.09.2017","87,09","86,40","87,15","86,40","0,03K","1,29%"
"12.09.2017","85,98","86,00","86,50","86,00","0,06K","-0,67%"
"11.09.2017","86,56","86,10","86,40","85,70","0,03K","1,67%"
"08.09.2017","85,14","84,90","84,90","84,90","0,01K","0,67%"
"07.09.2017","84,57","84,60","84,60","84,50","0,02K","0,09%"
"06.09.2017","84,49","85,00","85,00","84,50","0,01K","0,14%"
"05.09.2017","84,37","84,00","84,60","84,00","0,02K","1,52%"
"04.09.2017","83,11","81,25","83,25","81,50","0,02K","1,60%"
"01.09.2017","81,80","81,85","82,00","81,70","0,02K","1,64%"
"31.08.2017","80,48","81,25","81,25","80,50","0,05K","-1,71%"
"30.08.2017","81,88","82,00","82,00","81,75","0,02K","-0,90%"
"29.08.2017","82,62","84,00","84,00","82,75","0,01K","-0,99%"
"28.08.2017","83,45","83,50","83,50","83,50","0,00K","0,42%"
"25.08.2017","83,10","83,00","83,00","83,00","0,02K","0,23%"
"24.08.2017","82,91","82,40","82,40","82,40","0,00K","0,75%"
"23.08.2017","82,29","82,40","82,40","82,40","0,00K","0,29%"
"22.08.2017","82,05","82,00","82,00","82,00","0,00K","-0,33%"
"21.08.2017","82,32","82,00","82,00","82,00","0,01K","-0,28%"
"18.08.2017","82,55","82,75","82,75","82,25","0,02K","-0,01%"
"17.08.2017","82,56","82,90","83,00","82,50","0,03K","0,86%"
"16.08.2017","81,86","81,50","82,00","81,50","0,02K","1,99%"
"15.08.2017","80,26","81,00","81,00","80,10","0,02K","-0,86%"
"14.08.2017","80,96","80,25","81,00","80,25","0,02K","0,67%"
"11.08.2017","80,42","79,85","80,30","79,85","0,03K","0,47%"
"10.08.2017","80,04","79,40","80,00","79,40","0,05K","1,55%"
"09.08.2017","78,82","78,25","78,70","78,25","0,05K","1,05%"
"08.08.2017","78,00","79,00","79,25","78,75","0,03K","-2,07%"
"07.08.2017","79,65","79,50","79,50","79,25","0,01K","0,19%"
"04.08.2017","79,50","79,35","79,70","79,25","0,02K","1,33%"
"03.08.2017","78,46","77,50","77,50","77,00","0,08K","-0,09%"
"02.08.2017","78,53","79,20","79,20","78,50","0,07K","-1,03%"
"01.08.2017","79,35","81,00","81,00","80,00","0,05K","-1,53%"
"31.07.2017","80,58","78,00","81,00","78,00","0,06K","4,04%"
"28.07.2017","77,45","77,00","77,75","77,00","0,03K","1,77%"
"27.07.2017","76,10","76,00","76,35","76,00","0,02K","0,66%"
"26.07.2017","75,60","75,75","75,90","75,25","0,04K","-1,24%"
"25.07.2017","76,55","75,65","76,50","75,65","0,01K","1,93%"
"24.07.2017","75,10","76,00","76,00","75,00","0,03K","-2,28%"
"21.07.2017","76,85","78,00","78,00","76,55","0,02K","-0,86%"
"20.07.2017","77,52","77,75","78,00","77,40","0,02K","0,68%"
"19.07.2017","77,00","78,00","78,50","76,85","0,05K","-0,68%"
"18.07.2017","77,53","75,65","77,50","75,65","0,08K","3,29%"
"17.07.2017","75,06","74,00","75,00","74,00","0,03K","2,00%"
"14.07.2017","73,59","73,00","73,00","73,00","0,03K","0,15%"
"13.07.2017","73,48","74,00","74,00","73,45","0,03K","0,31%"
"12.07.2017","73,25","73,25","73,25","73,25","0,01K","-0,68%"
"11.07.2017","73,75","73,50","73,50","73,10","0,06K","1,81%"
"10.07.2017","72,44","73,00","73,00","72,75","0,01K","-0,39%"
"07.07.2017","72,72","72,72","72,72","72,72","0,01K","-0,26%"
"06.07.2017","72,91","72,75","73,00","72,50","0,04K","0,55%"
"05.07.2017","72,51","73,00","73,00","73,00","0,03K","0,24%"
"04.07.2017","72,34","71,75","72,00","71,75","0,04K","1,26%"
"03.07.2017","71,44","70,85","71,50","70,85","0,01K","2,90%"
"30.06.2017","69,43","69,70","69,70","69,70","0,02K","-0,22%"
"29.06.2017","69,58","70,60","70,60","69,50","0,04K","-1,23%"
"28.06.2017","70,45","70,90","70,90","70,50","0,02K","-0,40%"
"27.06.2017","70,73","70,75","70,90","70,75","0,01K","1,13%"
"26.06.2017","69,94","70,25","70,25","69,85","0,01K","-1,16%"
"23.06.2017","70,76","71,00","71,00","70,75","0,00K","-0,63%"
"22.06.2017","71,21","71,40","71,40","71,30","0,03K","-0,28%"
"21.06.2017","71,41","71,41","71,41","71,41","0,01K","-0,82%"
"20.06.2017","72,00","73,25","73,25","72,05","0,05K","-1,29%"
"19.06.2017","72,94","72,00","72,95","72,00","0,01K","1,93%"
"16.06.2017","71,56","71,56","71,56","71,56","0,01K","-0,15%"
"15.06.2017","71,67","71,50","71,50","71,50","0,01K","1,16%"
"14.06.2017","70,85","70,50","70,50","70,00","0,02K","0,06%"
"13.06.2017","70,81","70,80","70,80","70,40","0,08K","-0,55%"
"12.06.2017","71,20","71,75","71,75","71,40","0,09K","-1,03%"
"09.06.2017","71,94","71,94","71,94","71,94","0,03K","-0,37%"
"08.06.2017","72,21","72,05","72,25","72,05","0,04K","1,18%"
"07.06.2017","71,37","72,00","72,00","71,70","0,09K","0,66%"
"06.06.2017","70,90","71,00","71,05","70,90","0,07K","0,34%"
"05.06.2017","70,66","70,50","70,75","70,40","0,06K","1,30%"
"02.06.2017","69,75","68,25","69,75","68,25","0,18K","1,90%"
"01.06.2017","68,45","67,30","67,30","67,30","0,10K","1,74%"
"31.05.2017","67,28","68,35","68,35","67,20","0,10K","-1,28%"
"30.05.2017","68,15","68,00","68,20","68,00","0,04K","1,23%"
"29.05.2017","67,32","67,32","67,32","67,32","-","0,00%"
"26.05.2017","67,32","67,32","67,32","67,32","0,01K","-0,36%"
"25.05.2017","67,56","67,70","67,90","67,70","0,02K","-0,72%"
"24.05.2017","68,05","68,40","68,40","68,00","0,02K","-0,82%"
"23.05.2017","68,61","68,25","69,00","68,25","0,02K","0,37%"
"22.05.2017","68,36","68,00","68,50","68,00","0,05K","1,14%"
"19.05.2017","67,59","68,10","68,10","68,10","0,02K","0,07%"
"18.05.2017","67,54","68,50","68,50","67,50","0,10K","-1,44%"
"17.05.2017","68,53","67,25","68,60","67,25","0,17K","2,21%"
"16.05.2017","67,05","66,90","67,25","66,90","0,03K","1,09%"
"15.05.2017","66,33","65,75","66,50","65,75","0,05K","-0,21%"
"12.05.2017","66,47","66,47","66,47","66,47","0,03K","-0,12%"
"11.05.2017","66,55","66,85","67,00","66,85","0,11K","-1,55%"
"10.05.2017","67,60","67,00","67,50","67,00","0,12K","0,52%"
"09.05.2017","67,25","67,50","67,50","66,90","0,09K","-0,52%"
"08.05.2017","67,60","69,00","69,00","67,60","0,06K","-2,71%"
"05.05.2017","69,48","69,70","69,70","69,50","0,14K","-0,69%"
"04.05.2017","69,96","70,00","70,00","70,00","0,06K","-1,09%"
"03.05.2017","70,73","71,00","71,00","70,75","0,07K","-1,01%"
"02.05.2017","71,45","71,50","71,60","71,45","0,06K","-0,33%"
"01.05.2017","71,69","71,69","71,69","71,69","-","0,00%"
"28.04.2017","71,69","72,00","72,00","72,00","0,03K","-1,12%"
"27.04.2017","72,50","72,60","72,60","72,50","0,04K","1,38%"
"26.04.2017","71,51","71,51","71,51","71,51","0,02K","1,06%"
"25.04.2017","70,76","70,90","70,90","70,75","0,05K","-0,60%"
"24.04.2017","71,19","71,70","71,70","71,25","0,03K","-1,68%"
"21.04.2017","72,41","72,41","72,41","72,41","0,04K","-0,14%"
"20.04.2017","72,51","72,50","72,65","72,50","0,03K","0,74%"
"19.04.2017","71,98","72,50","72,50","71,90","0,02K","-0,14%"
"18.04.2017","72,08","71,70","72,30","71,70","0,02K","0,39%"
"17.04.2017","71,80","71,80","71,80","71,80","-","0,00%"
"13.04.2017","71,80","72,10","72,10","72,00","0,01K","0,45%"
"12.04.2017","71,48","72,00","72,25","71,50","0,02K","-0,29%"
"11.04.2017","71,69","71,50","71,75","71,50","0,01K","-0,57%"
"10.04.2017","72,10","73,00","73,00","72,50","0,01K","-2,57%"
"07.04.2017","74,00","74,50","74,50","74,00","0,03K","-1,07%"
"06.04.2017","74,80","74,90","75,00","74,75","0,04K","-0,68%"
"05.04.2017","75,31","74,50","75,30","74,20","0,01K","1,29%"
"04.04.2017","74,35","76,25","76,25","74,50","0,06K","-2,06%"
"03.04.2017","75,91","74,00","76,00","74,00","0,12K","4,43%"
"31.03.2017","72,69","73,00","73,25","72,65","0,03K","0,36%"
"30.03.2017","72,43","71,60","72,50","71,60","0,04K","-0,36%"
"29.03.2017","72,69","72,50","72,75","72,10","0,04K","0,40%"
"28.03.2017","72,40","70,85","72,40","70,85","0,03K","2,26%"
"27.03.2017","70,80","72,00","72,00","70,75","0,03K","-1,16%"
"24.03.2017","71,63","71,75","72,00","71,75","0,01K","0,62%"
"23.03.2017","71,19","70,75","71,25","70,50","0,02K","2,02%"
"22.03.2017","69,78","69,85","70,25","69,85","0,04K","-1,02%"
"21.03.2017","70,50","71,05","71,05","70,40","0,05K","-1,41%"
"20.03.2017","71,51","72,00","72,00","71,50","0,04K","-1,58%"
"17.03.2017","72,66","73,00","73,00","72,50","0,01K","0,35%"
"16.03.2017","72,41","73,00","73,00","72,25","0,03K","-0,81%"
"15.03.2017","73,00","73,00","73,50","72,70","0,03K","0,83%"
"14.03.2017","72,40","73,90","74,25","72,40","0,02K","-0,82%"
"13.03.2017","73,00","72,75","73,25","72,60","0,02K","1,70%"
"10.03.2017","71,78","71,40","72,00","71,40","0,07K","1,82%"
"09.03.2017","70,50","71,15","71,25","70,40","0,10K","-1,45%"
"08.03.2017","71,54","71,45","72,00","71,25","0,07K","-0,75%"
"07.03.2017","72,08","73,00","73,15","72,00","0,05K","-2,83%"
"06.03.2017","74,18","73,70","74,10","73,65","0,01K","-0,23%"
"03.03.2017","74,35","75,00","75,00","74,00","0,03K","-1,08%"
"02.03.2017","75,16","76,00","76,00","75,05","0,06K","-1,11%"
"01.03.2017","76,00","75,25","76,25","75,00","0,03K","1,33%"
"28.02.2017","75,00","75,30","75,40","75,00","0,01K","-0,71%"
"27.02.2017","75,54","75,40","75,40","75,40","0,01K","-1,00%"
"24.02.2017","76,30","76,50","76,50","76,25","0,01K","0,14%"
"23.02.2017","76,19","76,25","76,50","76,25","0,01K","0,97%"
"22.02.2017","75,46","75,50","75,50","75,50","0,01K","-0,59%"
"21.02.2017","75,91","77,00","77,00","76,15","0,01K","-0,63%"
"20.02.2017","76,39","75,00","77,00","75,00","0,06K","3,10%"
"17.02.2017","74,09","74,09","74,09","74,09","-","0,65%"
"16.02.2017","73,61","74,00","74,00","74,00","0,04K","0,68%"
"15.02.2017","73,11","73,00","73,50","73,00","0,03K","1,25%"
"14.02.2017","72,21","71,90","72,25","71,90","0,00K","-0,07%"
"13.02.2017","72,26","72,00","72,00","71,90","0,01K","-0,07%"
"10.02.2017","72,31","72,00","72,60","72,00","0,01K","-0,32%"
"09.02.2017","72,54","72,50","72,50","72,50","0,02K","0,35%"
"08.02.2017","72,29","72,50","72,50","72,50","0,20K","-0,50%"
"07.02.2017","72,65","72,00","72,90","72,00","0,06K","0,26%"
"06.02.2017","72,46","72,00","72,00","72,00","0,01K","-0,82%"
"03.02.2017","73,06","73,45","73,45","72,95","0,08K","-1,02%"
"02.02.2017","73,81","73,50","73,50","73,50","0,03K","1,60%"
"01.02.2017","72,65","73,00","73,00","72,50","0,01K","0,22%"
"31.01.2017","72,49","72,35","73,00","72,35","0,02K","2,04%"
"30.01.2017","71,04","71,00","71,00","71,00","0,01K","-9,51%"
"27.01.2017","78,51","78,51","78,51","78,51","-","-1,62%"
"26.01.2017","79,80","79,80","79,80","79,80","0,01K","0,01%"
"25.01.2017","79,79","79,79","79,79","79,79","0,01K","-0,20%"
"24.01.2017","79,95","79,95","79,95","79,95","0,02K","-0,09%"
"23.01.2017","80,02","80,00","80,00","80,00","0,00K","0,81%"
"20.01.2017","79,38","79,38","79,38","79,38","-","0,76%"
"19.01.2017","78,78","78,78","78,78","78,78","0,01K","-0,66%"
"18.01.2017","79,30","79,30","79,30","79,30","0,03K","-0,86%"
"17.01.2017","79,99","79,99","79,99","79,99","0,02K","2,39%"
"16.01.2017","78,12","78,12","78,12","78,12","-","-0,29%"
"13.01.2017","78,35","78,35","78,35","78,35","0,01K","-1,94%"
"12.01.2017","79,90","79,90","79,90","79,90","0,01K","2,42%"
"11.01.2017","78,01","78,01","78,01","78,01","0,01K","3,01%"
"10.01.2017","75,73","75,73","75,73","75,73","-","1,23%"
"09.01.2017","74,81","74,81","74,81","74,81","0,01K","-1,04%"
"06.01.2017","75,60","76,50","76,50","76,50","0,01K","-2,63%"
"05.01.2017","77,64","79,00","79,00","79,00","0,01K","-2,29%"
"04.01.2017","79,46","79,46","79,46","79,46","-","0,14%"
"03.01.2017","79,35","80,00","80,00","80,00","0,01K","-3,09%"
"30.12.2016","81,88","81,88","81,88","81,88","-","0,16%"
"29.12.2016","81,75","81,75","81,75","81,75","0,01K","1,84%"
"28.12.2016","80,27","80,27","80,27","80,27","0,02K","2,45%"
"27.12.2016","78,35","78,35","78,35","78,35","-","0,00%"
"23.12.2016","78,35","78,35","78,35","78,35","-","0,20%"
"22.12.2016","78,19","78,19","78,19","78,19","-","-0,38%"
"21.12.2016","78,49","78,49","78,49","78,49","0,01K","1,08%"
"20.12.2016","77,65","77,65","77,65","77,65","0,03K","3,49%"
"19.12.2016","75,03","75,00","75,00","75,00","0,03K","0,52%"
"16.12.2016","74,64","74,64","74,64","74,64","0,01K","1,19%"
"15.12.2016","73,76","73,76","73,76","73,76","0,02K","0,89%"
"14.12.2016","73,11","73,11","73,11","73,11","0,07K","1,64%"
"13.12.2016","71,93","71,93","71,93","71,93","0,01K","0,32%"
"12.12.2016","71,70","72,25","72,25","72,25","0,02K","1,79%"
"09.12.2016","70,44","71,25","71,25","71,00","0,06K","0,47%"
"08.12.2016","70,11","69,20","70,00","69,20","0,11K","3,56%"
"07.12.2016","67,70","68,00","68,00","67,50","0,01K","-0,88%"
"06.12.2016","68,30","69,00","69,00","68,50","0,05K","-4,66%"
"05.12.2016","71,64","71,64","71,64","71,64","0,06K","-0,07%"
"02.12.2016","71,69","71,50","71,50","71,00","0,01K","-1,10%"
"01.12.2016","72,49","72,49","72,49","72,49","-","0,26%"
"30.11.2016","72,30","72,00","72,00","72,00","0,01K","0,98%"
"29.11.2016","71,60","71,60","71,60","71,60","0,02K","-1,58%"
"28.11.2016","72,75","72,75","72,75","72,75","0,02K","1,41%"
"25.11.2016","71,74","71,74","71,74","71,74","0,01K","-1,13%"
"24.11.2016","72,56","72,00","72,00","72,00","0,04K","2,50%"
"23.11.2016","70,79","70,79","70,79","70,79","0,12K","-4,65%"
"22.11.2016","74,24","71,00","74,25","71,00","0,10K","6,21%"
"21.11.2016","69,90","69,50","69,50","69,50","0,02K","2,04%"
"18.11.2016","68,50","68,50","68,50","68,50","0,02K","-3,52%"
"17.11.2016","71,00","70,00","71,00","70,00","0,11K","-1,43%"
"16.11.2016","72,03","74,00","74,00","72,00","0,06K","-4,49%"
"15.11.2016","75,42","74,30","75,15","74,30","0,26K","-1,22%"
"14.11.2016","76,35","79,00","79,00","78,00","0,05K","-6,41%"
"11.11.2016","81,58","81,58","81,58","81,58","0,04K","-3,23%"
"10.11.2016","84,30","84,30","84,30","84,30","0,08K","-1,66%"
"09.11.2016","85,72","85,72","85,72","85,72","0,03K","-0,10%"
"08.11.2016","85,81","85,81","85,81","85,81","0,03K","-1,65%"
"07.11.2016","87,25","87,00","87,00","87,00","0,06K","2,25%"
"04.11.2016","85,33","85,25","85,25","85,25","0,06K","1,77%"
"03.11.2016","83,85","83,50","83,50","83,50","0,14K","0,76%"
"02.11.2016","83,22","84,00","84,00","83,50","0,12K","-2,34%"
"01.11.2016","85,21","83,25","86,00","83,25","0,15K","4,62%"
"31.10.2016","81,45","79,80","80,00","79,80","0,03K","3,64%"
"28.10.2016","78,59","79,00","79,00","78,25","0,05K","0,26%"
"27.10.2016","78,39","79,05","79,40","77,75","0,05K","-1,09%"
"26.10.2016","79,25","79,50","80,50","79,50","0,09K","0,99%"
"25.10.2016","78,47","78,25","79,25","78,25","0,08K","0,74%"
"24.10.2016","77,89","77,50","77,75","77,50","0,04K","0,83%"
"21.10.2016","77,25","77,00","77,25","77,00","0,02K","2,74%"
"20.10.2016","75,19","75,00","75,00","75,00","0,01K","-0,62%"
"19.10.2016","75,66","78,65","78,65","76,00","0,07K","-4,57%"
"18.10.2016","79,28","78,40","78,40","78,40","0,03K","3,73%"
"17.10.2016","76,43","76,43","76,43","76,43","0,03K","3,30%"
"14.10.2016","73,99","73,15","74,00","73,15","0,09K","3,22%"
"13.10.2016","71,68","71,00","72,10","71,00","0,13K","1,91%"
"12.10.2016","70,34","69,25","70,00","69,25","0,17K","3,75%"
"11.10.2016","67,80","68,85","69,75","68,50","0,20K","-2,45%"
"10.10.2016","69,50","68,65","69,50","68,65","0,02K","-1,08%"
"07.10.2016","70,26","71,50","71,50","71,50","0,03K","-2,48%"
"06.10.2016","72,05","72,20","72,20","72,20","0,15K","1,05%"
"05.10.2016","71,30","71,20","71,20","71,10","0,07K","0,28%"
"04.10.2016","71,10","71,40","71,40","71,40","0,04K","0,31%"
"03.10.2016","70,88","69,45","69,60","69,45","0,04K","3,78%"
"30.09.2016","68,30","68,30","68,30","68,30","0,12K","-2,69%"
"29.09.2016","70,19","71,00","71,00","71,00","0,07K","1,09%"
"28.09.2016","69,43","67,00","68,25","67,00","0,16K","4,01%"
"27.09.2016","66,75","66,90","66,90","66,90","0,11K","0,09%"
"26.09.2016","66,69","66,69","66,69","66,69","0,05K","1,03%"
"23.09.2016","66,01","66,00","66,00","66,00","0,07K","0,53%"
"22.09.2016","65,66","66,20","66,20","66,20","0,05K","-1,19%"
"21.09.2016","66,45","65,70","65,90","65,70","0,03K","1,76%"
"20.09.2016","65,30","65,25","65,25","65,20","0,04K","0,09%"
"19.09.2016","65,24","65,05","65,05","65,05","0,03K","1,46%"
"16.09.2016","64,30","64,30","64,30","64,30","0,04K","0,06%"
"15.09.2016","64,26","64,10","64,20","64,10","0,07K","0,59%"
"14.09.2016","63,88","63,65","64,00","63,40","0,12K","0,68%"
"13.09.2016","63,45","63,00","63,30","63,00","0,07K","1,13%"
"12.09.2016","62,74","62,15","62,75","62,10","0,05K","-0,22%"
"09.09.2016","62,88","62,00","62,75","62,00","0,06K","-0,05%"
"08.09.2016","62,91","63,70","63,70","63,50","0,04K","-0,98%"
"07.09.2016","63,53","63,75","63,75","63,45","0,08K","-2,93%"
"06.09.2016","65,45","65,30","65,60","65,30","0,19K","0,80%"
"05.09.2016","64,93","65,10","65,10","65,10","0,08K","1,29%"
"02.09.2016","64,10","64,25","64,25","64,25","0,09K","0,71%"
"01.09.2016","63,65","63,70","63,70","63,70","0,12K","0,32%"
"31.08.2016","63,45","64,50","64,50","63,55","0,12K","-0,14%"
"30.08.2016","63,54","63,50","63,50","63,50","0,06K","1,97%"
"29.08.2016","62,31","62,31","62,31","62,31","-","0,00%"
"26.08.2016","62,31","62,31","62,31","62,31","0,01K","0,66%"
"25.08.2016","61,90","61,90","61,90","61,90","0,04K","0,24%"
"24.08.2016","61,75","62,30","62,30","62,30","0,04K","-0,88%"
"23.08.2016","62,30","62,25","62,25","61,70","0,06K","0,92%"
"22.08.2016","61,73","60,60","60,60","60,60","0,05K","0,33%"
"19.08.2016","61,53","62,20","62,20","62,00","0,06K","-2,01%"
"18.08.2016","62,79","63,80","63,80","63,80","0,13K","-2,33%"
"17.08.2016","64,29","64,45","64,45","64,45","0,15K","-0,11%"
"16.08.2016","64,36","64,36","64,36","64,36","0,03K","-0,46%"
"15.08.2016","64,66","64,66","64,66","64,66","0,01K","-1,07%"
"12.08.2016","65,36","64,50","65,00","64,50","0,03K","2,05%"
"11.08.2016","64,05","64,05","64,05","64,05","0,05K","2,32%"
"10.08.2016","62,60","62,60","62,60","62,60","0,05K","-2,54%"
"09.08.2016","64,23","64,23","64,23","64,23","0,06K","0,52%"
"08.08.2016","63,90","63,90","63,90","63,90","0,03K","4,87%"
"05.08.2016","60,93","60,93","60,93","60,93","0,09K","-3,59%"
"04.08.2016","63,20","63,20","63,20","63,20","0,10K","-3,19%"
"03.08.2016","65,28","65,28","65,28","65,28","0,02K","-0,85%"
"02.08.2016","65,84","65,84","65,84","65,84","0,02K","-0,78%"
"01.08.2016","66,36","66,50","67,00","66,50","0,04K","0,15%"
"29.07.2016","66,26","66,25","66,25","65,95","0,04K","-0,15%"
"28.07.2016","66,36","67,00","67,00","66,50","0,09K","0,96%"
"27.07.2016","65,73","65,73","65,73","65,73","0,03K","1,62%"
"26.07.2016","64,68","64,68","64,68","64,68","0,04K","1,71%"
"25.07.2016","63,59","63,59","63,59","63,59","-","0,97%"
"22.07.2016","62,98","62,98","62,98","62,98","-","-0,35%"
"21.07.2016","63,20","63,20","63,20","63,20","-","0,00%"
"20.07.2016","63,20","63,20","63,20","63,20","0,03K","-0,57%"
"19.07.2016","63,56","63,56","63,56","63,56","0,02K","-1,30%"
"18.07.2016","64,40","64,40","64,40","64,40","0,01K","-0,29%"
"15.07.2016","64,59","64,59","64,59","64,59","0,01K","1,59%"
"14.07.2016","63,58","63,58","63,58","63,58","0,05K","0,62%"
"13.07.2016","63,19","63,19","63,19","63,19","0,09K","1,12%"
"12.07.2016","62,49","62,49","62,49","62,49","0,05K","3,87%"
"11.07.2016","60,16","60,16","60,16","60,16","0,01K","-0,74%"
"08.07.2016","60,61","60,61","60,61","60,61","0,02K","-1,37%"
"07.07.2016","61,45","61,45","61,45","61,45","0,06K","1,49%"
"06.07.2016","60,55","60,55","60,55","60,55","0,03K","-0,62%"
"05.07.2016","60,93","60,93","60,93","60,93","0,02K","-0,78%"
"04.07.2016","61,41","61,41","61,41","61,41","0,05K","1,84%"
"01.07.2016","60,30","60,30","60,30","60,30","0,04K","2,15%"
"30.06.2016","59,03","59,03","59,03","59,03","0,01K","1,53%"
"29.06.2016","58,14","58,14","58,14","58,14","0,01K","0,87%"
"28.06.2016","57,64","57,64","57,64","57,64","-","0,51%"
"27.06.2016","57,35","57,35","57,35","57,35","0,01K","-1,12%"
"24.06.2016","58,00","58,00","58,00","58,00","0,01K","-2,34%"
"23.06.2016","59,39","59,39","59,39","59,39","0,01K","-0,83%"
"22.06.2016","59,89","59,89","59,89","59,89","0,01K","3,15%"
"21.06.2016","58,06","58,06","58,06","58,06","0,10K","-3,87%"
"20.06.2016","60,40","60,40","60,40","60,40","0,20K","4,48%"
"17.06.2016","57,81","57,81","57,81","57,81","0,07K","2,21%"
"16.06.2016","56,56","56,56","56,56","56,56","0,01K","0,82%"
"15.06.2016","56,10","56,10","56,10","56,10","0,01K","0,97%"
"14.06.2016","55,56","55,56","55,56","55,56","0,04K","0,56%"
"13.06.2016","55,25","54,65","54,65","54,65","0,04K","0,09%"
"10.06.2016","55,20","55,40","55,40","55,40","0,01K","-1,34%"
"09.06.2016","55,95","55,95","55,95","55,95","0,04K","-0,44%"
"08.06.2016","56,20","56,20","56,20","56,20","0,18K","-0,71%"
"07.06.2016","56,60","56,45","56,45","56,45","0,07K","0,37%"
"06.06.2016","56,39","56,39","56,39","56,39","0,10K","2,71%"
"03.06.2016","54,90","54,90","54,90","54,90","0,04K","1,33%"
"02.06.2016","54,18","54,18","54,18","54,18","0,11K","1,65%"
"01.06.2016","53,30","53,30","53,30","53,30","0,02K","0,32%"
"31.05.2016","53,13","53,13","53,13","53,13","0,02K","1,10%"
"30.05.2016","52,55","52,55","52,55","52,55","-","0,00%"
"27.05.2016","52,55","52,55","52,55","52,55","0,02K","0,52%"
"26.05.2016","52,28","52,28","52,28","52,28","0,03K","1,00%"
"25.05.2016","51,76","51,76","51,76","51,76","0,06K","1,27%"
"24.05.2016","51,11","51,11","51,11","51,11","0,02K","0,02%"
"23.05.2016","51,10","51,10","51,10","51,10","-","-0,25%"
"20.05.2016","51,23","51,23","51,23","51,23","0,02K","0,25%"
"19.05.2016","51,10","51,10","51,10","51,10","0,05K","-0,58%"
"18.05.2016","51,40","51,40","51,40","51,40","0,07K","0,33%"
"17.05.2016","51,23","51,23","51,23","51,23","0,09K","0,33%"
"16.05.2016","51,06","51,06","51,06","51,06","-","1,71%"
"13.05.2016","50,20","50,20","50,20","50,20","0,01K","-0,18%"
"12.05.2016","50,29","50,29","50,29","50,29","0,06K","0,00%"
"11.05.2016","50,29","50,29","50,29","50,29","-","1,07%"
"10.05.2016","49,76","49,76","49,76","49,76","0,06K","0,04%"
"09.05.2016","49,74","49,74","49,74","49,74","0,06K","-0,64%"
"06.05.2016","50,06","50,06","50,06","50,06","0,03K","-0,85%"
"05.05.2016","50,49","50,49","50,49","50,49","0,08K","0,18%"
"04.05.2016","50,40","50,40","50,40","50,40","0,03K","-0,41%"
"03.05.2016","50,61","50,61","50,61","50,61","0,02K","0,26%"
"02.05.2016","50,48","50,48","50,48","50,48","-","0,00%"
"29.04.2016","50,48","50,48","50,48","50,48","0,11K","0,60%"
"28.04.2016","50,18","50,18","50,18","50,18","0,13K","-0,83%"
"27.04.2016","50,60","50,60","50,60","50,60","0,08K","-0,26%"
"26.04.2016","50,73","50,73","50,73","50,73","0,05K","1,79%"
"25.04.2016","49,84","49,84","49,84","49,84","0,01K","0,08%"
"22.04.2016","49,80","49,80","49,80","49,80","0,13K","0,24%"
"21.04.2016","49,68","49,68","49,68","49,68","0,11K","1,43%"
"20.04.2016","48,98","48,98","48,98","48,98","0,19K","0,14%"
"19.04.2016","48,91","48,91","48,91","48,91","0,18K","0,53%"
"18.04.2016","48,65","48,65","48,65","48,65","0,02K","1,48%"
"15.04.2016","47,94","47,94","47,94","47,94","0,02K","0,52%"
"14.04.2016","47,69","47,69","47,69","47,69","0,04K","2,60%"
"13.04.2016","46,48","46,48","46,48","46,48","0,01K","1,02%"
"12.04.2016","46,01","46,01","46,01","46,01","-","0,28%"
"11.04.2016","45,88","45,88","45,88","45,88","0,01K","1,10%"
"08.04.2016","45,38","45,38","45,38","45,38","0,01K","1,00%"
"07.04.2016","44,93","44,93","44,93","44,93","0,04K","-1,47%"
"06.04.2016","45,60","45,60","45,60","45,60","0,07K","-0,78%"
"05.04.2016","45,96","45,96","45,96","45,96","0,13K","-0,39%"
"04.04.2016","46,14","46,14","46,14","46,14","0,01K","-0,30%"
"01.04.2016","46,28","46,28","46,28","46,28","0,03K","-1,93%"
"31.03.2016","47,19","47,19","47,19","47,19","0,03K","1,03%"
"30.03.2016","46,71","46,71","46,71","46,71","0,06K","1,52%"
"29.03.2016","46,01","46,01","46,01","46,01","0,03K","-0,09%"
"28.03.2016","46,05","46,05","46,05","46,05","-","0,00%"
"24.03.2016","46,05","46,05","46,05","46,05","0,05K","0,55%"
"23.03.2016","45,80","45,80","45,80","45,80","0,03K","-0,54%"
"22.03.2016","46,05","46,05","46,05","46,05","0,01K","-1,24%"
"21.03.2016","46,63","46,63","46,63","46,63","0,03K","-0,04%"
"18.03.2016","46,65","46,65","46,65","46,65","0,04K","1,44%"
"17.03.2016","45,99","45,99","45,99","45,99","0,10K","2,02%"
"16.03.2016","45,08","45,08","45,08","45,08","0,03K","0,83%"
"15.03.2016","44,71","44,71","44,71","44,71","0,01K","-0,95%"
"14.03.2016","45,14","45,14","45,14","45,14","0,05K","-2,10%"
"11.03.2016","46,11","46,11","46,11","46,11","0,05K","0,28%"
"10.03.2016","45,98","45,98","45,98","45,98","0,06K","0,04%"
"09.03.2016","45,96","45,96","45,96","45,96","0,04K","3,10%"
"08.03.2016","44,58","44,58","44,58","44,58","0,07K","-1,11%"
"07.03.2016","45,08","45,08","45,08","45,08","0,02K","3,25%"
"04.03.2016","43,66","43,66","43,66","43,66","0,03K","1,46%"
"03.03.2016","43,03","43,03","43,03","43,03","0,06K","2,82%"
"02.03.2016","41,85","41,85","41,85","41,85","0,04K","1,01%"
"01.03.2016","41,43","41,43","41,43","41,43","0,01K","0,97%"
"29.02.2016","41,03","41,03","41,03","41,03","-","0,17%"
"26.02.2016","40,96","40,96","40,96","40,96","0,01K","0,12%"
"25.02.2016","40,91","40,91","40,91","40,91","-","0,44%"
"24.02.2016","40,73","40,73","40,73","40,73","0,02K","-0,39%"
"23.02.2016","40,89","40,89","40,89","40,89","0,02K","-2,18%"
"22.02.2016","41,80","41,80","41,80","41,80","0,02K","0,89%"
"19.02.2016","41,43","41,43","41,43","41,43","-","0,68%"
"18.02.2016","41,15","41,15","41,15","41,15","0,04K","1,08%"
"17.02.2016","40,71","40,71","40,71","40,71","0,03K","1,95%"
"16.02.2016","39,93","39,93","39,93","39,93","0,03K","-0,75%"
"15.02.2016","40,23","40,23","40,23","40,23","-","-0,37%"
"12.02.2016","40,38","40,38","40,38","40,38","-","1,13%"
"11.02.2016","39,93","39,93","39,93","39,93","0,02K","-1,04%"
"10.02.2016","40,35","40,35","40,35","40,35","0,10K","0,27%"
"09.02.2016","40,24","40,24","40,24","40,24","0,01K","-2,64%"
"08.02.2016","41,33","41,33","41,33","41,33","0,05K","0,71%"
"05.02.2016","41,04","41,04","41,04","41,04","0,04K","-0,77%"
"04.02.2016","41,36","41,36","41,36","41,36","0,06K","-1,59%"
"03.02.2016","42,03","42,03","42,03","42,03","0,06K","0,79%"
"02.02.2016","41,70","41,70","41,70","41,70","0,04K","1,24%"
"01.02.2016","41,19","41,19","41,19","41,19","0,01K","-10,38%"
"29.01.2016","45,96","45,96","45,96","45,96","-","-0,69%"
"28.01.2016","46,28","46,28","46,28","46,28","0,01K","-0,17%"
"27.01.2016","46,36","46,36","46,36","46,36","-","0,83%"
"26.01.2016","45,98","45,98","45,98","45,98","0,02K","1,14%"
"25.01.2016","45,46","45,46","45,46","45,46","-","-0,46%"
"22.01.2016","45,67","45,67","45,67","45,67","-","0,48%"
"21.01.2016","45,45","45,45","45,45","45,45","-","0,40%"
"20.01.2016","45,27","45,27","45,27","45,27","0,01K","-0,40%"
"19.01.2016","45,45","45,45","45,45","45,45","-","0,20%"
"18.01.2016","45,36","45,36","45,36","45,36","0,01K","-0,02%"
"15.01.2016","45,37","45,37","45,37","45,37","0,08K","-0,83%"
"14.01.2016","45,75","45,75","45,75","45,75","0,01K","0,82%"
"13.01.2016","45,38","45,38","45,38","45,38","0,04K","-1,37%"
"12.01.2016","46,01","46,01","46,01","46,01","0,07K","-1,75%"
"11.01.2016","46,83","46,83","46,83","46,83","0,03K","-1,39%"
"08.01.2016","47,49","47,49","47,49","47,49","0,02K","-2,28%"
"07.01.2016","48,60","48,60","48,60","48,60","0,01K","-0,49%"
"06.01.2016","48,84","48,84","48,84","48,84","0,04K","2,37%"
"05.01.2016","47,71","47,71","47,71","47,71","0,01K","1,10%"
"04.01.2016","47,19","47,19","47,19","47,19","0,03K","-0,97%"
"31.12.2015","47,65","47,65","47,65","47,65","-","-0,17%"
"30.12.2015","47,73","47,73","47,73","47,73","0,01K","0,00%"
"29.12.2015","47,73","47,73","47,73","47,73","0,01K","-0,29%"
"28.12.2015","47,87","47,87","47,87","47,87","-","0,00%"
"24.12.2015","47,87","47,87","47,87","47,87","-","0,15%"
"23.12.2015","47,80","47,80","47,80","47,80","0,01K","-0,06%"
"22.12.2015","47,83","47,83","47,83","47,83","0,01K","0,17%"
"21.12.2015","47,75","47,75","47,75","47,75","0,02K","-0,73%"
"18.12.2015","48,10","48,10","48,10","48,10","0,04K","-0,31%"
"17.12.2015","48,25","48,25","48,25","48,25","0,01K","-0,60%"
"16.12.2015","48,54","48,54","48,54","48,54","0,04K","-0,21%"
"15.12.2015","48,64","48,64","48,64","48,64","0,03K","0,43%"
"14.12.2015","48,43","48,43","48,43","48,43","0,05K","0,46%"
"11.12.2015","48,21","48,21","48,21","48,21","0,01K","-1,19%"
"10.12.2015","48,79","48,79","48,79","48,79","0,02K","-0,08%"
"09.12.2015","48,83","48,83","48,83","48,83","0,04K","0,08%"
"08.12.2015","48,79","48,79","48,79","48,79","0,01K","0,06%"
"07.12.2015","48,76","48,76","48,76","48,76","0,04K","-0,91%"
"04.12.2015","49,21","49,21","49,21","49,21","0,01K","-0,12%"
"03.12.2015","49,27","49,27","49,27","49,27","0,01K","0,65%"
"02.12.2015","48,95","48,95","48,95","48,95","0,09K","-0,73%"
"01.12.2015","49,31","49,31","49,31","49,31","0,02K","-0,84%"
"30.11.2015","49,73","49,73","49,73","49,73","0,07K","0,14%"
"27.11.2015","49,66","49,66","49,66","49,66","0,02K","0,40%"
"26.11.2015","49,46","49,46","49,46","49,46","0,04K","0,14%"
"25.11.2015","49,39","49,39","49,39","49,39","0,03K","-0,12%"
"24.11.2015","49,45","49,45","49,45","49,45","0,05K","0,82%"
"23.11.2015","49,05","49,05","49,05","49,05","0,06K","-0,69%"
"20.11.2015","49,39","49,39","49,39","49,39","0,03K","-0,30%"
"19.11.2015","49,54","49,54","49,54","49,54","0,02K","0,30%"
"18.11.2015","49,39","49,39","49,39","49,39","0,02K","-0,20%"
"17.11.2015","49,49","49,49","49,49","49,49","0,04K","0,94%"
"16.11.2015","49,03","49,03","49,03","49,03","0,06K","0,02%"
"13.11.2015","49,02","49,02","49,02","49,02","0,04K","-0,02%"
"12.11.2015","49,03","49,03","49,03","49,03","0,03K","-0,63%"
"11.11.2015","49,34","49,34","49,34","49,34","0,16K","-0,58%"
"10.11.2015","49,63","49,63","49,63","49,63","0,02K","-0,44%"
"09.11.2015","49,85","49,85","49,85","49,85","0,05K","-0,10%"
"06.11.2015","49,90","49,90","49,90","49,90","0,08K","-0,56%"
"05.11.2015","50,18","50,18","50,18","50,18","0,03K","-0,44%"
"04.11.2015","50,40","50,40","50,40","50,40","0,09K","-1,27%"
"03.11.2015","51,05","51,05","51,05","51,05","0,04K","0,99%"
"02.11.2015","50,55","50,55","50,55","50,55","0,04K","0,00%"
"30.10.2015","50,55","50,55","50,55","50,55","-","-0,69%"
"29.10.2015","50,90","50,90","50,90","50,90","0,07K","1,27%"
"28.10.2015","50,26","50,26","50,26","50,26","0,15K","-0,26%"
"27.10.2015","50,39","50,39","50,39","50,39","0,06K","-0,02%"
"26.10.2015","50,40","50,40","50,40","50,40","0,06K","0,70%"
"23.10.2015","50,05","50,05","50,05","50,05","0,09K","-0,12%"
"22.10.2015","50,11","50,11","50,11","50,11","0,14K","0,12%"
"21.10.2015","50,05","50,05","50,05","50,05","0,11K","0,00%"
"20.10.2015","50,05","50,05","50,05","50,05","0,10K","-0,40%"
"19.10.2015","50,25","50,25","50,25","50,25","0,01K","-0,10%"
"16.10.2015","50,30","50,30","50,30","50,30","0,04K","-0,47%"
"15.10.2015","50,54","50,54","50,54","50,54","0,04K","-0,22%"
"14.10.2015","50,65","50,65","50,65","50,65","0,04K","-0,20%"
"13.10.2015","50,75","50,75","50,75","50,75","0,02K","-0,59%"
"12.10.2015","51,05","51,05","51,05","51,05","0,02K","-1,26%"
"09.10.2015","51,70","51,70","51,70","51,70","0,19K","0,68%"
"08.10.2015","51,35","51,35","51,35","51,35","0,04K","-0,23%"
"07.10.2015","51,47","51,47","51,47","51,47","0,13K","-0,73%"
"06.10.2015","51,85","51,85","51,85","51,85","0,07K","0,93%"
"05.10.2015","51,37","51,37","51,37","51,37","0,04K","0,82%"
"02.10.2015","50,95","50,95","50,95","50,95","0,04K","0,49%"
"01.10.2015","50,70","50,70","50,70","50,70","0,11K","-0,88%"
"30.09.2015","51,15","51,15","51,15","51,15","0,10K","-1,33%"
"29.09.2015","51,84","51,84","51,84","51,84","0,04K","-0,02%"
"28.09.2015","51,85","51,85","51,85","51,85","0,09K","-1,58%"
"25.09.2015","52,68","52,68","52,68","52,68","0,04K","-0,49%"
"24.09.2015","52,94","52,94","52,94","52,94","0,15K","-0,15%"
"23.09.2015","53,02","53,02","53,02","53,02","0,11K","0,42%"
"22.09.2015","52,80","52,80","52,80","52,80","0,12K","0,48%"
"21.09.2015","52,55","52,55","52,55","52,55","0,02K","-0,61%"
"18.09.2015","52,87","52,87","52,87","52,87","0,01K","-0,58%"
"17.09.2015","53,18","53,18","53,18","53,18","-","-0,11%"
"16.09.2015","53,24","53,24","53,24","53,24","0,04K","0,78%"
"15.09.2015","52,83","52,83","52,83","52,83","0,05K","-1,14%"
"14.09.2015","53,44","53,44","53,44","53,44","0,09K","0,26%"
"11.09.2015","53,30","53,30","53,30","53,30","0,03K","-0,19%"
"10.09.2015","53,40","53,40","53,40","53,40","0,05K","0,49%"
"09.09.2015","53,14","53,14","53,14","53,14","0,03K","-0,30%"
"08.09.2015","53,30","53,30","53,30","53,30","0,09K","1,04%"
"07.09.2015","52,75","52,75","52,75","52,75","0,17K","-2,76%"
"04.09.2015","54,25","54,25","54,25","54,25","0,02K","-1,24%"
"03.09.2015","54,93","54,93","54,93","54,93","0,02K","0,97%"
"02.09.2015","54,40","54,40","54,40","54,40","0,07K","-0,55%"
"01.09.2015","54,70","54,70","54,70","54,70","0,06K","0,40%"
"28.08.2015","54,48","54,48","54,48","54,48","0,07K","0,28%"
"27.08.2015","54,33","54,33","54,33","54,33","0,07K","2,24%"
"26.08.2015","53,14","53,14","53,14","53,14","0,20K","0,66%"
"25.08.2015","52,79","52,79","52,79","52,79","0,08K","0,28%"
"24.08.2015","52,64","52,64","52,64","52,64","0,09K","-2,14%"
"21.08.2015","53,79","53,79","53,79","53,79","0,05K","0,00%"
"20.08.2015","53,79","53,79","53,79","53,79","0,09K","-0,28%"
"19.08.2015","53,94","53,94","53,94","53,94","0,05K","-0,61%"
"18.08.2015","54,27","54,27","54,27","54,27","0,09K","-1,56%"
"17.08.2015","55,13","55,13","55,13","55,13","0,01K","-0,83%"
"14.08.2015","55,59","55,59","55,59","55,59","0,01K","-0,09%"
"13.08.2015","55,64","55,64","55,64","55,64","0,05K","-0,18%"
"12.08.2015","55,74","55,74","55,74","55,74","0,06K","-0,71%"
"11.08.2015","56,14","56,14","56,14","56,14","0,05K","-0,51%"
"10.08.2015","56,43","56,43","56,43","56,43","-","0,07%"
"07.08.2015","56,39","56,39","56,39","56,39","0,07K","-1,45%"
"06.08.2015","57,22","57,22","57,22","57,22","-","0,33%"
"05.08.2015","57,03","57,03","57,03","57,03","0,06K","0,00%"
"04.08.2015","57,03","57,03","57,03","57,03","0,03K","1,03%"
"03.08.2015","56,45","56,45","56,45","56,45","0,01K","-0,19%"
"31.07.2015","56,56","56,56","56,56","56,56","0,01K","-0,70%"
"30.07.2015","56,96","56,96","56,96","56,96","0,08K","-0,09%"
"29.07.2015","57,01","57,01","57,01","57,01","0,04K","0,26%"
"28.07.2015","56,86","56,86","56,86","56,86","0,07K","0,02%"
"27.07.2015","56,85","56,85","56,85","56,85","0,03K","0,00%"
"24.07.2015","56,85","56,85","56,85","56,85","0,02K","0,44%"
"23.07.2015","56,60","56,60","56,60","56,60","0,01K","-0,35%"
"22.07.2015","56,80","56,80","56,80","56,80","0,04K","-0,79%"
"21.07.2015","57,25","57,25","57,25","57,25","0,03K","0,44%"
"20.07.2015","57,00","57,00","57,00","57,00","0,01K","0,18%"
"17.07.2015","56,90","56,90","56,90","56,90","0,04K","-0,26%"
"16.07.2015","57,05","57,05","57,05","57,05","0,01K","0,26%"
"15.07.2015","56,90","56,90","56,90","56,90","0,10K","-0,18%"
"14.07.2015","57,00","57,00","57,00","57,00","0,14K","0,26%"
"13.07.2015","56,85","56,85","56,85","56,85","0,01K","-0,52%"
"10.07.2015","57,15","57,15","57,15","57,15","0,01K","0,26%"
"09.07.2015","57,00","57,00","57,00","57,00","0,07K","-0,35%"
"08.07.2015","57,20","57,20","57,20","57,20","-","0,54%"
"07.07.2015","56,89","56,89","56,89","56,89","0,07K","-1,15%"
"06.07.2015","57,55","57,55","57,55","57,55","0,02K","-0,48%"
"03.07.2015","57,83","57,83","57,83","57,83","0,03K","-0,45%"
"02.07.2015","58,09","58,09","58,09","58,09","0,02K","-0,19%"
"01.07.2015","58,20","58,20","58,20","58,20","0,08K","-0,60%"
"30.06.2015","58,55","58,55","58,55","58,55","0,07K","0,60%"
"29.06.2015","58,20","58,20","58,20","58,20","0,01K","0,00%"
"26.06.2015","58,20","58,20","58,20","58,20","0,09K","-0,68%"
"25.06.2015","58,60","58,60","58,60","58,60","0,14K","0,51%"
"24.06.2015","58,30","58,30","58,30","58,30","0,03K","0,00%"
"23.06.2015","58,30","58,30","58,30","58,30","0,09K","-0,26%"
"22.06.2015","58,45","58,45","58,45","58,45","0,03K","1,42%"
"19.06.2015","57,63","57,63","57,63","57,63","0,01K","-0,29%"
"18.06.2015","57,80","57,80","57,80","57,80","0,03K","1,05%"
"17.06.2015","57,20","57,20","57,20","57,20","0,05K","0,44%"
"16.06.2015","56,95","56,95","56,95","56,95","0,06K","0,37%"
"15.06.2015","56,74","56,74","56,74","56,74","-","0,16%"
"12.06.2015","56,65","56,65","56,65","56,65","0,02K","0,80%"
"11.06.2015","56,20","56,20","56,20","56,20","0,08K","1,26%"
"10.06.2015","55,50","55,50","55,50","55,50","0,09K","0,36%"
"09.06.2015","55,30","55,30","55,30","55,30","0,04K","-0,27%"
"08.06.2015","55,45","55,45","55,45","55,45","0,01K","-0,45%"
"05.06.2015","55,70","55,70","55,70","55,70","0,01K","0,27%"
"04.06.2015","55,55","55,55","55,55","55,55","0,01K","0,18%"
"03.06.2015","55,45","55,45","55,45","55,45","0,08K","-0,36%"
"02.06.2015","55,65","55,65","55,65","55,65","0,04K","0,82%"
"01.06.2015","55,20","55,20","55,20","55,20","0,05K","-0,36%"
"29.05.2015","55,40","55,40","55,40","55,40","0,11K","1,35%"
"28.05.2015","54,66","54,65","54,65","54,65","0,06K","-0,18%"
"27.05.2015","54,76","54,76","54,76","54,76","0,09K","0,48%"
"26.05.2015","54,50","54,50","54,50","54,50","0,04K","-0,18%"
"22.05.2015","54,60","54,60","54,60","54,60","0,02K","0,13%"
"21.05.2015","54,53","54,53","54,53","54,53","0,01K","0,35%"
"20.05.2015","54,34","54,34","54,34","54,34","0,01K","-0,13%"
"19.05.2015","54,41","54,41","54,41","54,41","0,04K","-1,25%"
"18.05.2015","55,10","55,10","55,10","55,10","0,02K","-0,54%"
"15.05.2015","55,40","55,40","55,40","55,40","0,04K","0,22%"
"14.05.2015","55,28","55,28","55,28","55,28","0,01K","0,33%"
"13.05.2015","55,10","55,10","55,10","55,10","0,06K","0,31%"
"12.05.2015","54,93","54,93","54,93","54,93","0,10K","0,42%"
"11.05.2015","54,70","54,70","54,70","54,70","0,02K","0,77%"
"08.05.2015","54,28","54,28","54,28","54,28","0,05K","-0,49%"
"07.05.2015","54,55","54,55","54,55","54,55","0,15K","-2,15%"
"06.05.2015","55,75","55,75","55,75","55,75","0,02K","-0,27%"
"05.05.2015","55,90","55,90","55,90","55,90","0,01K","0,54%"
"01.05.2015","55,60","55,60","55,60","55,60","0,04K","-0,05%"
"30.04.2015","55,63","55,63","55,63","55,63","0,04K","0,54%"
"29.04.2015","55,33","55,33","55,33","55,33","0,08K","1,06%"
"28.04.2015","54,75","54,75","54,75","54,75","0,06K","0,04%"
"27.04.2015","54,73","54,73","54,73","54,73","0,03K","0,24%"
"24.04.2015","54,60","54,60","54,60","54,60","0,05K","1,69%"
"23.04.2015","53,69","53,69","53,69","53,69","0,01K","-0,02%"
"22.04.2015","53,70","53,70","53,70","53,70","0,01K","-0,24%"
"21.04.2015","53,83","53,83","53,83","53,83","0,04K","0,06%"
"20.04.2015","53,80","53,80","53,80","53,80","0,03K","-0,74%"
"17.04.2015","54,20","54,20","54,20","54,20","0,03K","-0,46%"
"16.04.2015","54,45","54,45","54,45","54,45","0,06K","1,62%"
"15.04.2015","53,58","53,58","53,58","53,58","0,03K","0,71%"
"14.04.2015","53,20","53,20","53,20","53,20","0,05K","1,55%"
"13.04.2015","52,39","52,39","52,39","52,39","0,04K","0,77%"
"10.04.2015","51,99","51,99","51,99","51,99","0,01K","-0,40%"
"09.04.2015","52,20","52,20","52,20","52,20","0,04K","1,26%"
"08.04.2015","51,55","51,55","51,55","51,55","0,03K","-0,77%"
"07.04.2015","51,95","51,95","51,95","51,95","0,01K","-1,03%"
"02.04.2015","52,49","52,49","52,49","52,49","0,06K","-1,33%"
"01.04.2015","53,20","53,20","53,20","53,20","0,03K","-1,30%"
"31.03.2015","53,90","53,90","53,90","53,90","0,01K","-0,55%"
"30.03.2015","54,20","54,20","54,20","54,20","-","-1,24%"
"27.03.2015","54,88","54,88","54,88","54,88","0,01K","-0,13%"
"26.03.2015","54,95","54,95","54,95","54,95","0,04K","1,38%"
"25.03.2015","54,20","54,20","54,20","54,20","-","0,46%"
"24.03.2015","53,95","53,95","53,95","53,95","-","0,09%"
"23.03.2015","53,90","53,90","53,90","53,90","0,05K","-0,09%"
"20.03.2015","53,95","53,95","53,95","53,95","0,02K","0,37%"
"19.03.2015","53,75","53,75","53,75","53,75","0,03K","-2,27%"
"18.03.2015","55,00","55,00","55,00","55,00","0,02K","0,55%"
"17.03.2015","54,70","54,70","54,70","54,70","0,03K","-0,09%"
"16.03.2015","54,75","54,75","54,75","54,75","0,03K","-1,79%"
"13.03.2015","55,75","55,75","55,75","55,75","0,02K","-0,54%"
"12.03.2015","56,05","56,05","56,05","56,05","0,05K","-0,97%"
"11.03.2015","56,60","56,60","56,60","56,60","0,08K","0,60%"
"10.03.2015","56,26","56,26","56,26","56,26","-","-0,60%"
"09.03.2015","56,60","56,60","56,60","56,60","-","0,27%"
"06.03.2015","56,45","56,45","56,45","56,45","0,10K","-2,00%"
"05.03.2015","57,60","57,60","57,60","57,60","0,06K","-2,95%"
"04.03.2015","59,35","59,35","59,35","59,35","0,03K","-1,17%"
"03.03.2015","60,05","60,05","60,05","60,05","0,05K","-2,36%"
"02.03.2015","61,50","61,50","61,50","61,50","0,05K","-1,20%"
"27.02.2015","62,25","62,25","62,25","62,25","0,17K","4,97%"
"26.02.2015","59,30","59,30","59,30","59,30","0,05K","2,07%"
"25.02.2015","58,10","58,10","58,10","58,10","0,07K","-1,11%"
"24.02.2015","58,75","58,75","58,75","58,75","-","0,00%"
"23.02.2015","58,75","58,75","58,75","58,75","0,05K","-0,42%"
"20.02.2015","59,00","59,00","59,00","59,00","0,10K","0,51%"
"19.02.2015","58,70","58,70","58,70","58,70","0,15K","-0,68%"
"18.02.2015","59,10","59,10","59,10","59,10","0,16K","-2,48%"
"17.02.2015","60,60","60,60","60,60","60,60","0,18K","-2,42%"
"16.02.2015","62,10","62,10","62,10","62,10","0,10K","2,81%"
"13.02.2015","60,40","60,40","60,40","60,40","0,02K","1,94%"
"12.02.2015","59,25","59,25","59,25","59,25","0,11K","0,51%"
"11.02.2015","58,95","58,95","58,95","58,95","0,07K","0,44%"
"10.02.2015","58,69","58,69","58,69","58,69","0,07K","0,14%"
"09.02.2015","58,61","58,61","58,61","58,61","0,03K","0,98%"
"06.02.2015","58,04","58,04","58,04","58,04","0,03K","-0,67%"
"05.02.2015","58,43","58,43","58,43","58,43","0,03K","1,65%"
"04.02.2015","57,48","57,48","57,48","57,48","-","-0,23%"
"03.02.2015","57,61","57,61","57,61","57,61","0,03K","0,44%"
"02.02.2015","57,36","57,36","57,36","57,36","-","-1,68%"
"30.01.2015","58,34","58,34","58,34","58,34","0,01K","0,36%"
"29.01.2015","58,13","58,13","58,13","58,13","-","-0,33%"
"28.01.2015","58,32","58,32","58,32","58,32","-","1,78%"
"27.01.2015","57,30","57,30","57,30","57,30","-","0,69%"
"26.01.2015","56,91","56,91","56,91","56,91","-","-0,72%"
"23.01.2015","57,32","57,32","57,32","57,32","-","-1,09%"
"22.01.2015","57,95","57,95","57,95","57,95","0,01K","-0,63%"
"21.01.2015","58,32","58,32","58,32","58,32","0,01K","2,41%"
"20.01.2015","56,95","56,95","56,95","56,95","0,02K","2,26%"
"19.01.2015","55,69","55,69","55,69","55,69","0,03K","1,81%"
"16.01.2015","54,70","54,70","54,70","54,70","0,03K","-0,13%"
"15.01.2015","54,77","54,77","54,77","54,77","0,06K","-1,72%"
"14.01.2015","55,73","55,73","55,73","55,73","0,03K","-1,10%"
"13.01.2015","56,35","56,35","56,35","56,35","0,02K","1,46%"
"12.01.2015","55,54","55,54","55,54","55,54","0,04K","-1,77%"
"09.01.2015","56,54","56,54","56,54","56,54","0,01K","0,32%"
"08.01.2015","56,36","56,36","56,36","56,36","0,03K","-1,02%"
"07.01.2015","56,94","56,94","56,94","56,94","0,06K","-1,39%"
"06.01.2015","57,74","57,74","57,74","57,74","0,03K","-0,88%"
"05.01.2015","58,25","58,25","58,25","58,25","0,05K","-1,99%"
"02.01.2015","59,43","59,43","59,43","59,43","-","-1,85%"
"31.12.2014","60,55","60,55","60,55","60,55","-","-0,23%"
"30.12.2014","60,69","60,69","60,69","60,69","0,01K","-0,12%"
"29.12.2014","60,76","60,76","60,76","60,76","0,01K","-0,65%"
"24.12.2014","61,16","61,16","61,16","61,16","-","-0,11%"
"23.12.2014","61,23","61,23","61,23","61,23","-","-0,24%"
"22.12.2014","61,38","61,38","61,38","61,38","0,01K","-0,28%"
"19.12.2014","61,55","61,55","61,55","61,55","0,03K","-0,45%"
"18.12.2014","61,83","61,83","61,83","61,83","0,06K","0,57%"
"17.12.2014","61,48","61,48","61,48","61,48","0,03K","-0,15%"
"16.12.2014","61,57","61,57","61,57","61,57","0,03K","-0,76%"
"15.12.2014","62,04","62,25","62,25","62,25","0,03K","-0,96%"
"12.12.2014","62,64","62,64","62,64","62,64","0,03K","-0,57%"
"11.12.2014","63,00","63,00","63,00","63,00","0,03K","0,75%"
"10.12.2014","62,53","62,53","62,53","62,53","0,01K","0,03%"
"09.12.2014","62,51","62,51","62,51","62,51","0,05K","0,29%"
"08.12.2014","62,33","62,33","62,33","62,33","0,01K","-0,67%"
"05.12.2014","62,75","62,75","62,75","62,75","0,03K","-0,55%"
"04.12.2014","63,10","63,10","63,10","63,10","0,04K","0,21%"
"03.12.2014","62,97","62,97","62,97","62,97","0,02K","-0,46%"
"02.12.2014","63,26","63,26","63,26","63,26","0,03K","-1,13%"
"01.12.2014","63,98","63,98","63,98","63,98","0,05K","-1,01%"
"28.11.2014","64,63","64,63","64,63","64,63","0,02K","-0,22%"
"27.11.2014","64,77","64,77","64,77","64,77","0,02K","-0,87%"
"26.11.2014","65,34","65,34","65,34","65,34","0,05K","-0,21%"
"25.11.2014","65,48","65,48","65,48","65,48","0,02K","0,23%"
"24.11.2014","65,33","65,33","65,33","65,33","0,05K","0,37%"
"21.11.2014","65,09","65,09","65,09","65,09","0,03K","0,09%"
"20.11.2014","65,03","65,03","65,03","65,03","0,01K","-0,60%"
"19.11.2014","65,42","65,42","65,42","65,42","0,04K","0,05%"
"18.11.2014","65,39","65,39","65,39","65,39","0,03K","0,38%"
"17.11.2014","65,14","65,14","65,14","65,14","0,01K","0,82%"
"14.11.2014","64,61","64,61","64,61","64,61","0,07K","0,11%"
"13.11.2014","64,54","64,54","64,54","64,54","0,02K","-0,06%"
"12.11.2014","64,58","64,58","64,58","64,58","0,02K","0,03%"
"11.11.2014","64,56","64,56","64,56","64,56","0,03K","0,56%"
"10.11.2014","64,20","64,20","64,20","64,20","0,04K","1,66%"
"07.11.2014","63,15","63,15","63,15","63,15","0,03K","0,00%"
"06.11.2014","63,15","63,15","63,15","63,15","0,03K","-0,52%"
"05.11.2014","63,48","63,48","63,48","63,48","0,03K","-1,79%"
"03.11.2014","64,64","64,64","64,64","64,64","0,02K","-1,09%"
"31.10.2014","65,35","65,35","65,35","65,35","0,03K","-0,62%"
"30.10.2014","65,76","65,76","65,76","65,76","0,03K","-0,38%"
"29.10.2014","66,01","66,01","66,01","66,01","0,07K","-0,33%"
"28.10.2014","66,23","66,23","66,23","66,23","0,02K","-0,29%"
"27.10.2014","66,42","66,42","66,42","66,42","-","-0,12%"
"24.10.2014","66,50","66,50","66,50","66,50","-","0,00%"
"23.10.2014","66,50","66,50","66,50","66,50","0,05K","-0,39%"
"22.10.2014","66,76","66,76","66,76","66,76","0,09K","2,03%"
"21.10.2014","65,43","65,43","65,43","65,43","0,02K","0,46%"
"20.10.2014","65,13","65,13","65,13","65,13","0,01K","-0,11%"
"17.10.2014","65,20","65,20","65,20","65,20","0,06K","-0,29%"
"16.10.2014","65,39","65,39","65,39","65,39","0,05K","-0,32%"
"15.10.2014","65,60","65,60","65,60","65,60","0,03K","0,54%"
"14.10.2014","65,25","65,25","65,25","65,25","0,02K","-0,88%"
"13.10.2014","65,83","65,83","65,83","65,83","0,01K","-0,83%"
"10.10.2014","66,38","66,38","66,38","66,38","0,02K","-0,90%"
"09.10.2014","66,98","66,98","66,98","66,98","0,04K","-1,03%"
"08.10.2014","67,68","67,68","67,68","67,68","0,04K","-0,04%"
"07.10.2014","67,71","67,71","67,71","67,71","0,01K","0,55%"
"06.10.2014","67,34","67,34","67,34","67,34","0,01K","-0,06%"
"03.10.2014","67,38","67,38","67,38","67,38","0,04K","-1,20%"
"02.10.2014","68,20","68,20","68,20","68,20","0,02K","0,65%"
"01.10.2014","67,76","67,76","67,76","67,76","0,03K","0,18%"
"30.09.2014","67,64","67,64","67,64","67,64","0,01K","0,15%"
"29.09.2014","67,54","67,54","67,54","67,54","0,04K","-1,26%"
"26.09.2014","68,40","68,40","68,40","68,40","0,01K","-0,19%"
"25.09.2014","68,53","68,53","68,53","68,53","0,03K","-0,39%"
"24.09.2014","68,80","68,80","68,80","68,80","-","-0,01%"
"23.09.2014","68,81","68,81","68,81","68,81","0,02K","-1,05%"
"22.09.2014","69,54","69,54","69,54","69,54","0,07K","-0,24%"
"19.09.2014","69,71","69,71","69,71","69,71","0,01K","0,03%"
"18.09.2014","69,69","69,69","69,69","69,69","0,01K","0,06%"
"17.09.2014","69,65","69,65","69,65","69,65","0,04K","-0,13%"
"16.09.2014","69,74","69,74","69,74","69,74","0,02K","-0,70%"
"15.09.2014","70,23","70,23","70,23","70,23","0,07K","0,72%"
"12.09.2014","69,73","69,73","69,73","69,73","0,05K","-0,03%"
"11.09.2014","69,75","69,75","69,75","69,75","0,04K","-0,06%"
"10.09.2014","69,79","69,79","69,79","69,79","0,04K","0,19%"
"09.09.2014","69,66","69,66","69,66","69,66","0,04K","-1,53%"
"08.09.2014","70,74","70,74","70,74","70,74","0,04K","0,13%"
"05.09.2014","70,65","70,65","70,65","70,65","0,11K","-0,67%"
"04.09.2014","71,13","71,13","71,13","71,13","0,03K","-1,00%"
"03.09.2014","71,85","71,85","71,85","71,85","0,03K","-0,13%"
"02.09.2014","71,94","71,94","71,94","71,94","0,02K","-0,64%"
"01.09.2014","72,40","72,40","72,40","72,40","0,03K","-0,84%"
"29.08.2014","73,01","73,01","73,01","73,01","0,02K","-0,75%"
"28.08.2014","73,56","73,56","73,56","73,56","-","0,18%"
"27.08.2014","73,43","73,43","73,43","73,43","0,04K","-0,88%"
"26.08.2014","74,08","74,08","74,08","74,08","-","0,54%"
"22.08.2014","73,68","73,68","73,68","73,68","-","0,38%"
"21.08.2014","73,40","73,40","73,40","73,40","0,07K","0,00%"
"20.08.2014","73,40","73,40","73,40","73,40","0,06K","-0,15%"
"19.08.2014","73,51","73,51","73,51","73,51","0,03K","-0,27%"
"18.08.2014","73,71","73,71","73,71","73,71","0,02K","-0,54%"
"15.08.2014","74,11","74,11","74,11","74,11","0,01K","0,47%"
"14.08.2014","73,76","73,76","73,76","73,76","0,10K","-0,20%"
"13.08.2014","73,91","73,91","73,91","73,91","0,04K","0,52%"
"12.08.2014","73,53","73,53","73,53","73,53","0,09K","-0,88%"
"11.08.2014","74,18","74,18","74,18","74,18","0,08K","-0,64%"
"08.08.2014","74,66","74,66","74,66","74,66","0,03K","0,70%"
"07.08.2014","74,14","74,14","74,14","74,14","0,01K","0,56%"
"06.08.2014","73,73","73,73","73,73","73,73","0,01K","1,00%"
"05.08.2014","73,00","73,00","73,00","73,00","0,07K","0,00%"
"04.08.2014","73,00","73,00","73,00","73,00","0,03K","0,34%"
"01.08.2014","72,75","72,75","72,75","72,75","0,07K","-0,33%"
"31.07.2014","72,99","72,99","72,99","72,99","0,16K","-0,49%"
"30.07.2014","73,35","73,35","73,35","73,35","0,03K","-0,54%"
"29.07.2014","73,75","73,75","73,75","73,75","0,06K","-0,38%"
"28.07.2014","74,03","74,03","74,03","74,03","0,04K","0,84%"
"25.07.2014","73,41","73,41","73,41","73,41","0,03K","0,62%"
"24.07.2014","72,96","72,96","72,96","72,96","0,03K","0,48%"
"23.07.2014","72,61","72,61","72,61","72,61","0,04K","0,21%"
"22.07.2014","72,46","72,46","72,46","72,46","0,01K","1,00%"
"21.07.2014","71,74","71,74","71,74","71,74","0,04K","-0,33%"
"18.07.2014","71,98","71,98","71,98","71,98","-","-0,50%"
"17.07.2014","72,34","72,34","72,34","72,34","0,05K","0,89%"
"16.07.2014","71,70","71,70","71,70","71,70","0,07K","-1,23%"
"15.07.2014","72,59","72,59","72,59","72,59","0,03K","-0,43%"
"14.07.2014","72,90","72,90","72,90","72,90","0,02K","0,05%"
"11.07.2014","72,86","72,86","72,86","72,86","0,02K","-0,27%"
"10.07.2014","73,06","73,06","73,06","73,06","0,06K","-0,12%"
"09.07.2014","73,15","73,15","73,15","73,15","0,05K","-0,18%"
"08.07.2014","73,28","73,28","73,28","73,28","0,07K","-0,14%"
"07.07.2014","73,38","73,38","73,38","73,38","0,03K","0,30%"
"04.07.2014","73,16","73,16","73,16","73,16","0,01K","0,15%"
"03.07.2014","73,05","73,05","73,05","73,05","0,12K","-0,31%"
"02.07.2014","73,28","73,28","73,28","73,28","0,16K","-0,97%"
"01.07.2014","74,00","74,00","74,00","74,00","0,01K","-0,46%"
"30.06.2014","74,34","74,34","74,34","74,34","0,07K","-0,16%"
"27.06.2014","74,46","74,46","74,46","74,46","0,01K","0,51%"
"26.06.2014","74,08","74,08","74,08","74,08","0,05K","-0,07%"
"25.06.2014","74,13","74,13","74,13","74,13","0,02K","0,18%"
"24.06.2014","74,00","74,00","74,00","74,00","0,05K","0,00%"
"23.06.2014","74,00","74,00","74,00","74,00","0,02K","-0,27%"
"20.06.2014","74,20","74,20","74,20","74,20","0,05K","-0,40%"
"19.06.2014","74,50","74,50","74,50","74,50","0,06K","-0,28%"
"18.06.2014","74,71","74,71","74,71","74,71","0,10K","-0,93%"
"17.06.2014","75,41","75,41","75,41","75,41","0,09K","-0,89%"
"16.06.2014","76,09","76,09","76,09","76,09","0,04K","-0,25%"
"13.06.2014","76,28","76,28","76,28","76,28","0,02K","0,38%"
"12.06.2014","75,99","75,99","75,99","75,99","0,07K","-0,18%"
"11.06.2014","76,13","76,13","76,13","76,13","0,05K","-0,20%"
"10.06.2014","76,28","76,28","76,28","76,28","0,02K","0,03%"
"09.06.2014","76,26","76,26","76,26","76,26","-","0,07%"
"06.06.2014","76,21","76,21","76,21","76,21","0,05K","-0,25%"
"05.06.2014","76,40","76,40","76,40","76,40","0,02K","-0,37%"
"04.06.2014","76,68","76,68","76,68","76,68","0,03K","-0,36%"
"03.06.2014","76,96","76,96","76,96","76,96","0,01K","0,20%"
"02.06.2014","76,81","76,81","76,81","76,81","-","-0,67%"
"30.05.2014","77,33","77,33","77,33","77,33","0,02K","-0,78%"
"29.05.2014","77,94","77,94","77,94","77,94","0,02K","-0,37%"
"28.05.2014","78,23","78,23","78,23","78,23","0,02K","-0,72%"
"27.05.2014","78,80","78,80","78,80","78,80","0,08K","-0,25%"
"23.05.2014","79,00","79,00","79,00","79,00","0,01K","0,05%"
"22.05.2014","78,96","78,96","78,96","78,96","0,05K","0,10%"
"21.05.2014","78,88","78,88","78,88","78,88","-","0,13%"
"20.05.2014","78,78","78,78","78,78","78,78","-","-0,47%"
"19.05.2014","79,15","79,15","79,15","79,15","-","0,01%"
"16.05.2014","79,14","79,14","79,14","79,14","-","-0,18%"
"15.05.2014","79,28","79,28","79,28","79,28","0,01K","-0,06%"
"14.05.2014","79,33","79,33","79,33","79,33","-","0,29%"
"13.05.2014","79,10","79,10","79,10","79,10","0,01K","0,19%"
"12.05.2014","78,95","78,95","78,95","78,95","0,01K","0,01%"
"09.05.2014","78,94","78,94","78,94","78,94","0,03K","-0,03%"
"08.05.2014","78,96","78,96","78,96","78,96","0,01K","0,27%"
"07.05.2014","78,75","78,75","78,75","78,75","0,01K","-0,76%"
"06.05.2014","79,35","79,35","79,35","79,35","0,01K","0,37%"
"02.05.2014","79,06","79,06","79,06","79,06","0,01K","0,46%"
"01.05.2014","78,70","78,70","78,70","78,70","0,01K","-0,25%"
"30.04.2014","78,90","78,90","78,90","78,90","0,01K","-0,39%"
"29.04.2014","79,21","79,21","79,21","79,21","0,03K","-0,13%"
"28.04.2014","79,31","79,31","79,31","79,31","0,03K","-0,09%"
"25.04.2014","79,38","79,38","79,38","79,38","0,01K","0,70%"
"24.04.2014","78,83","78,83","78,83","78,83","0,01K","0,63%"
"23.04.2014","78,34","78,34","78,34","78,34","0,03K","0,06%"
"22.04.2014","78,29","78,29","78,29","78,29","-","-0,71%"
"17.04.2014","78,85","78,85","78,85","78,85","0,01K","-0,19%"
"16.04.2014","79,00","79,00","79,00","79,00","-","0,03%"
"15.04.2014","78,98","78,98","78,98","78,98","0,04K","0,16%"
"14.04.2014","78,85","78,85","78,85","78,85","0,01K","0,57%"
"11.04.2014","78,40","78,40","78,40","78,40","-","0,06%"
"10.04.2014","78,35","78,35","78,35","78,35","-","0,50%"
"09.04.2014","77,96","77,96","77,96","77,96","0,04K","0,41%"
"08.04.2014","77,64","77,64","77,64","77,64","0,02K","0,31%"
"07.04.2014","77,40","77,40","77,40","77,40","0,01K","0,38%"
"04.04.2014","77,11","77,11","77,11","77,11","-","-0,13%"
"03.04.2014","77,21","77,21","77,21","77,21","0,01K","0,23%"
"02.04.2014","77,03","77,03","77,03","77,03","0,02K","-0,58%"
"01.04.2014","77,48","77,48","77,48","77,48","0,01K","-0,59%"
"31.03.2014","77,94","77,94","77,94","77,94","-","0,18%"
"28.03.2014","77,80","77,80","77,80","77,80","-","0,09%"
"27.03.2014","77,73","77,73","77,73","77,73","0,03K","0,49%"
"26.03.2014","77,35","77,35","77,35","77,35","0,05K","-0,14%"
"25.03.2014","77,46","77,46","77,46","77,46","0,01K","-0,48%"
"24.03.2014","77,83","77,83","77,83","77,83","-","-0,36%"
"21.03.2014","78,11","78,11","78,11","78,11","-","0,58%"
"20.03.2014","77,66","77,66","77,66","77,66","0,01K","-0,35%"
"19.03.2014","77,93","77,93","77,93","77,93","0,02K","-0,27%"
"18.03.2014","78,14","78,14","78,14","78,14","0,01K","-0,09%"
"17.03.2014","78,21","78,21","78,21","78,21","0,02K","-0,28%"
"14.03.2014","78,43","78,43","78,43","78,43","0,08K","1,03%"
"13.03.2014","77,63","77,63","77,63","77,63","0,04K","0,43%"
"12.03.2014","77,30","77,30","77,30","77,30","0,02K","0,19%"
"11.03.2014","77,15","77,15","77,15","77,15","0,02K","0,94%"
"10.03.2014","76,43","76,43","76,43","76,43","0,02K","-1,16%"
"07.03.2014","77,33","77,33","77,33","77,33","0,02K","-0,17%"
"06.03.2014","77,46","77,46","77,46","77,46","0,03K","-0,37%"
"05.03.2014","77,75","77,95","77,95","77,95","0,02K","-0,88%"
"04.03.2014","78,44","78,44","78,44","78,44","0,03K","-0,43%"
"03.03.2014","78,78","78,78","78,78","78,78","0,02K","0,43%"
"28.02.2014","78,44","78,44","78,44","78,44","0,04K","0,33%"
"27.02.2014","78,18","78,18","78,18","78,18","0,01K","0,42%"
"26.02.2014","77,85","77,85","77,85","77,85","0,03K","-0,71%"
"25.02.2014","78,41","78,41","78,41","78,41","0,04K","0,00%"
"24.02.2014","78,41","78,41","78,41","78,41","0,01K","-1,07%"
"21.02.2014","79,26","79,26","79,26","79,26","0,02K","-0,13%"
"20.02.2014","79,36","79,36","79,36","79,36","0,01K","0,08%"
"19.02.2014","79,30","79,30","79,30","79,30","0,05K","-0,24%"
"18.02.2014","79,49","79,49","79,49","79,49","0,02K","-0,14%"
"17.02.2014","79,60","79,60","79,60","79,60","-","-0,45%"
"14.02.2014","79,96","79,96","79,96","79,96","0,02K","0,63%"
"13.02.2014","79,46","79,46","79,46","79,46","0,02K","0,29%"
"12.02.2014","79,23","79,23","79,23","79,23","0,01K","-0,70%"
"11.02.2014","79,79","79,79","79,79","79,79","-","0,00%"
"10.02.2014","79,79","79,79","79,79","79,79","0,01K","-0,98%"
"07.02.2014","80,58","80,58","80,58","80,58","0,02K","-0,51%"
"06.02.2014","80,99","80,99","80,99","80,99","0,04K","0,06%"
"05.02.2014","80,94","80,94","80,94","80,94","0,05K","0,07%"
"04.02.2014","80,88","80,88","80,88","80,88","0,01K","-0,39%"
"03.02.2014","81,20","81,20","81,20","81,20","-","1,17%"
"31.01.2014","80,26","80,26","80,26","80,26","-","-0,66%"
"30.01.2014","80,79","80,79","80,79","80,79","-","-0,30%"
"29.01.2014","81,03","81,03","81,03","81,03","-","-0,31%"
"28.01.2014","81,28","81,28","81,28","81,28","-","-0,31%"
"27.01.2014","81,53","81,53","81,53","81,53","-","-0,49%"
"24.01.2014","81,93","81,93","81,93","81,93","-","0,29%"
"23.01.2014","81,69","81,69","81,69","81,69","-","0,17%"
"22.01.2014","81,55","81,55","81,55","81,55","-","-0,05%"
"21.01.2014","81,59","81,59","81,59","81,59","-","-0,91%"
"20.01.2014","82,34","82,34","82,34","82,34","-","-0,64%"
"17.01.2014","82,87","82,87","82,87","82,87","-","0,07%"
"16.01.2014","82,81","82,81","82,81","82,81","-","0,22%"
"15.01.2014","82,63","82,63","82,63","82,63","-","0,71%"
"14.01.2014","82,05","82,05","82,05","82,05","-","0,04%"
"13.01.2014","82,02","82,02","82,02","82,02","-","0,12%"
"10.01.2014","81,92","81,92","81,92","81,92","-","-1,19%"
"09.01.2014","82,91","82,91","82,91","82,91","0,01K","-0,26%"
"08.01.2014","83,13","83,13","83,13","83,13","0,01K","0,51%"
"07.01.2014","82,71","82,71","82,71","82,71","0,01K","-0,83%"
"06.01.2014","83,40","83,40","83,40","83,40","-","-0,38%"
"03.01.2014","83,72","83,72","83,72","83,72","-","-1,08%"
"02.01.2014","84,63","84,63","84,63","84,63","-","-0,46%"
"31.12.2013","85,02","85,02","85,02","85,02","-","-0,02%"
"30.12.2013","85,04","85,04","85,04","85,04","-","-0,04%"
"27.12.2013","85,07","85,07","85,07","85,07","-","0,05%"
"24.12.2013","85,03","85,03","85,03","85,03","-","-0,01%"
"23.12.2013","85,04","85,04","85,04","85,04","-","0,07%"
"20.12.2013","84,98","84,98","84,98","84,98","-","-0,09%"
"19.12.2013","85,06","85,06","85,06","85,06","-","-0,32%"
"18.12.2013","85,33","85,33","85,33","85,33","0,01K","0,18%"
"17.12.2013","85,18","85,18","85,18","85,18","-","0,02%"
"16.12.2013","85,16","85,16","85,16","85,16","-","-0,16%"
"13.12.2013","85,30","85,30","85,30","85,30","-","-0,33%"
"12.12.2013","85,58","85,58","85,58","85,58","0,01K","0,27%"
"11.12.2013","85,35","85,35","85,35","85,35","0,03K","0,12%"
"10.12.2013","85,25","85,25","85,25","85,25","0,02K","0,02%"
"09.12.2013","85,23","85,23","85,23","85,23","0,02K","0,04%"
"06.12.2013","85,20","85,20","85,20","85,20","0,02K","0,42%"
"05.12.2013","84,84","84,84","84,84","84,84","0,01K","0,32%"
"04.12.2013","84,57","84,57","84,57","84,57","0,01K","-0,21%"
"03.12.2013","84,75","84,75","84,75","84,75","-","0,19%"
"02.12.2013","84,59","84,59","84,59","84,59","0,01K","0,02%"
"29.11.2013","84,57","84,57","84,57","84,57","0,03K","0,46%"
"28.11.2013","84,18","84,18","84,18","84,18","-","-0,06%"
"27.11.2013","84,23","84,23","84,23","84,23","0,05K","-0,12%"
"26.11.2013","84,33","84,33","84,33","84,33","0,01K","0,33%"
"25.11.2013","84,05","84,05","84,05","84,05","-","-0,17%"
"22.11.2013","84,19","84,19","84,19","84,19","0,02K","0,45%"
"21.11.2013","83,81","83,81","83,81","83,81","-","-0,36%"
"20.11.2013","84,11","84,11","84,11","84,11","0,02K","0,39%"
"19.11.2013","83,78","83,78","83,78","83,78","0,03K","0,00%"
"18.11.2013","83,78","83,78","83,78","83,78","0,01K","-0,17%"
"15.11.2013","83,92","83,92","83,92","83,92","0,07K","0,16%"
"14.11.2013","83,79","83,79","83,79","83,79","0,02K","0,06%"
"13.11.2013","83,74","83,74","83,74","83,74","0,02K","0,19%"
"12.11.2013","83,58","83,58","83,58","83,58","0,04K","-0,18%"
"11.11.2013","83,73","83,73","83,73","83,73","-","-0,01%"
"08.11.2013","83,74","83,74","83,74","83,74","0,03K","-0,57%"
"07.11.2013","84,22","84,22","84,22","84,22","0,01K","-0,13%"
"06.11.2013","84,33","84,33","84,33","84,33","0,02K","0,31%"
"05.11.2013","84,07","84,07","84,07","84,07","-","0,27%"
"04.11.2013","83,84","83,84","83,84","83,84","0,04K","-0,32%"
"01.11.2013","84,11","84,11","84,11","84,11","0,01K","0,10%"
"31.10.2013","84,03","84,03","84,03","84,03","0,02K","-0,27%"
"30.10.2013","84,26","84,26","84,26","84,26","0,01K","-0,20%"
"29.10.2013","84,43","84,43","84,43","84,43","0,01K","0,45%"
"28.10.2013","84,05","84,05","84,05","84,05","-","-0,58%"
"25.10.2013","84,54","84,54","84,54","84,54","-","0,05%"
"24.10.2013","84,50","84,50","84,50","84,50","0,03K","-0,63%"
"23.10.2013","85,04","85,04","85,04","85,04","0,03K","0,47%"
"22.10.2013","84,64","84,64","84,64","84,64","0,02K","-0,52%"
"21.10.2013","85,08","85,08","85,08","85,08","0,01K","0,53%"
"18.10.2013","84,63","84,63","84,63","84,63","0,04K","-0,26%"
"17.10.2013","84,85","84,85","84,85","84,85","0,04K","0,04%"
"16.10.2013","84,82","84,82","84,82","84,82","0,03K","0,38%"
"15.10.2013","84,50","84,50","84,50","84,50","0,02K","0,18%"
"14.10.2013","84,35","84,35","84,35","84,35","-","0,38%"
"11.10.2013","84,03","84,03","84,03","84,03","0,03K","-0,01%"
"10.10.2013","84,04","84,04","84,04","84,04","-","-0,13%"
"09.10.2013","84,15","84,15","84,15","84,15","0,01K","-0,37%"
"08.10.2013","84,46","84,46","84,46","84,46","0,01K","-0,09%"
"07.10.2013","84,54","84,54","84,54","84,54","0,02K","0,39%"
"04.10.2013","84,21","84,21","84,21","84,21","0,04K","-0,52%"
"03.10.2013","84,65","84,65","84,65","84,65","0,03K","-0,29%"
"02.10.2013","84,90","84,90","84,90","84,90","0,02K","1,08%"
"01.10.2013","83,99","83,99","83,99","83,99","0,01K","-1,00%"
"30.09.2013","84,84","84,84","84,84","84,84","0,01K","0,15%"
"27.09.2013","84,71","84,71","84,71","84,71","0,02K","-0,52%"
"26.09.2013","85,15","85,15","85,15","85,15","0,02K","0,19%"
"25.09.2013","84,99","84,99","84,99","84,99","0,04K","0,46%"
"24.09.2013","84,60","84,60","84,60","84,60","0,02K","-0,25%"
"23.09.2013","84,81","84,81","84,81","84,81","0,02K","0,63%"
"20.09.2013","84,28","84,28","84,28","84,28","-","-0,41%"
"19.09.2013","84,63","84,63","84,63","84,63","0,06K","-0,42%"
"18.09.2013","84,99","84,99","84,99","84,99","0,10K","0,45%"
"17.09.2013","84,61","84,61","84,61","84,61","0,06K","0,53%"
"16.09.2013","84,16","84,16","84,16","84,16","0,07K","0,02%"
"13.09.2013","84,14","84,14","84,14","84,14","0,04K","0,39%"
"12.09.2013","83,81","83,81","83,81","83,81","0,03K","0,85%"
"11.09.2013","83,10","83,10","83,10","83,10","0,01K","-0,04%"
"10.09.2013","83,13","83,13","83,13","83,13","0,04K","0,06%"
"09.09.2013","83,08","83,08","83,08","83,08","0,01K","0,08%"
"06.09.2013","83,01","83,01","83,01","83,01","-","0,19%"
"05.09.2013","82,85","82,85","82,85","82,85","0,02K","0,18%"
"04.09.2013","82,70","82,70","82,70","82,70","0,05K","0,15%"
"03.09.2013","82,58","82,58","82,58","82,58","0,11K","0,04%"
"02.09.2013","82,55","82,55","82,55","82,55","0,04K","0,49%"
"30.08.2013","82,15","82,15","82,15","82,15","0,01K","0,32%"
"29.08.2013","81,89","81,89","81,89","81,89","0,01K","0,18%"
"28.08.2013","81,74","81,74","81,74","81,74","0,04K","-1,01%"
"27.08.2013","82,57","82,57","82,57","82,57","0,01K","-0,66%"
"23.08.2013","83,12","83,12","83,12","83,12","-","-0,40%"
"22.08.2013","83,45","83,45","83,45","83,45","-","0,08%"
"21.08.2013","83,38","83,38","83,38","83,38","-","-0,12%"
"20.08.2013","83,48","83,48","83,48","83,48","0,01K","0,02%"
"19.08.2013","83,46","83,46","83,46","83,46","-","-0,01%"
"16.08.2013","83,47","83,47","83,47","83,47","-","0,00%"
"15.08.2013","83,47","83,47","83,47","83,47","0,01K","-0,75%"
"14.08.2013","84,10","84,10","84,10","84,10","0,06K","0,96%"
"13.08.2013","83,30","83,30","83,30","83,30","0,03K","-0,48%"
"12.08.2013","83,70","83,70","83,70","83,70","0,03K","0,94%"
"09.08.2013","82,92","82,92","82,92","82,92","0,03K","0,75%"
"08.08.2013","82,30","82,30","82,30","82,30","0,03K","0,41%"
"07.08.2013","81,96","81,96","81,96","81,96","0,01K","-0,21%"
"06.08.2013","82,13","82,13","82,13","82,13","0,08K","0,18%"
"05.08.2013","81,98","81,98","81,98","81,98","0,03K","-0,46%"
"02.08.2013","82,36","82,36","82,36","82,36","-","-0,36%"
"01.08.2013","82,66","82,66","82,66","82,66","0,03K","-0,57%"
"31.07.2013","83,13","83,13","83,13","83,13","0,01K","-0,72%"
"30.07.2013","83,73","83,73","83,73","83,73","0,03K","-0,05%"
"29.07.2013","83,77","83,77","83,77","83,77","0,01K","-0,30%"
"26.07.2013","84,02","84,02","84,02","84,02","0,01K","-0,36%"
"25.07.2013","84,32","84,32","84,32","84,32","0,02K","0,35%"
"24.07.2013","84,03","84,03","84,03","84,03","0,02K","-0,27%"
"23.07.2013","84,26","84,26","84,26","84,26","-","0,63%"
"22.07.2013","83,73","83,73","83,73","83,73","0,01K","-0,68%"
"19.07.2013","84,30","84,30","84,30","84,30","-","-0,57%"
"18.07.2013","84,78","84,78","84,78","84,78","-","-0,63%"
"17.07.2013","85,32","85,32","85,32","85,32","0,01K","0,28%"
"16.07.2013","85,08","85,08","85,08","85,08","0,03K","0,66%"
"15.07.2013","84,52","84,52","84,52","84,52","0,01K","0,34%"
"12.07.2013","84,23","84,23","84,23","84,23","-","-0,34%"
"11.07.2013","84,52","84,52","84,52","84,52","0,01K","0,19%"
"10.07.2013","84,36","84,36","84,36","84,36","0,06K","-0,54%"
"09.07.2013","84,82","84,82","84,82","84,82","0,03K","-0,41%"
"08.07.2013","85,17","85,17","85,17","85,17","0,03K","-0,46%"
"05.07.2013","85,56","85,56","85,56","85,56","0,03K","0,54%"
"04.07.2013","85,10","85,10","85,10","85,10","0,01K","-0,26%"
"03.07.2013","85,32","85,32","85,32","85,32","0,03K","0,22%"
"02.07.2013","85,13","85,13","85,13","85,13","0,03K","0,69%"
"01.07.2013","84,55","84,55","84,55","84,55","0,01K","0,12%"
"28.06.2013","84,45","84,45","84,45","84,45","0,01K","0,27%"
"27.06.2013","84,22","84,22","84,22","84,22","0,04K","0,67%"
"26.06.2013","83,66","83,66","83,66","83,66","0,03K","-0,14%"
"25.06.2013","83,78","83,78","83,78","83,78","0,04K","-0,20%"
"24.06.2013","83,95","83,95","83,95","83,95","0,02K","-0,79%"
"21.06.2013","84,62","84,62","84,62","84,62","-","-0,83%"
"20.06.2013","85,33","85,33","85,33","85,33","0,01K","-1,44%"
"19.06.2013","86,58","86,58","86,58","86,58","-","0,17%"
"18.06.2013","86,43","86,43","86,43","86,43","0,01K","0,15%"
"17.06.2013","86,30","86,30","86,30","86,30","-","-0,21%"
"14.06.2013","86,48","86,48","86,48","86,48","0,01K","0,71%"
"13.06.2013","85,87","85,87","85,87","85,87","-","-1,09%"
"12.06.2013","86,82","86,82","86,82","86,82","0,02K","-0,01%"
"11.06.2013","86,83","86,83","86,83","86,83","0,01K","-0,49%"
"10.06.2013","87,26","87,26","87,26","87,26","-","-1,02%"
"07.06.2013","88,16","88,16","88,16","88,16","0,01K","-0,02%"
"06.06.2013","88,18","88,18","88,18","88,18","0,04K","-0,70%"
"05.06.2013","88,80","88,80","88,80","88,80","0,03K","0,05%"
"04.06.2013","88,76","88,76","88,76","88,76","0,01K","-0,21%"
"03.06.2013","88,95","88,95","88,95","88,95","0,02K","-0,96%"
"31.05.2013","89,81","89,81","89,81","89,81","0,01K","-0,40%"
"30.05.2013","90,17","90,17","90,17","90,17","0,02K","-0,12%"
"29.05.2013","90,28","90,28","90,28","90,28","0,02K","-0,44%"
"28.05.2013","90,68","90,68","90,68","90,68","-","0,22%"
"24.05.2013","90,48","90,48","90,48","90,48","0,01K","0,00%"
"23.05.2013","90,48","90,48","90,48","90,48","-","-0,15%"
"22.05.2013","90,62","90,62","90,62","90,62","0,01K","0,24%"
"21.05.2013","90,40","90,40","90,40","90,40","-","0,10%"
"20.05.2013","90,31","90,31","90,31","90,31","0,01K","0,81%"
"17.05.2013","89,58","89,58","89,58","89,58","0,03K","0,02%"
"16.05.2013","89,56","89,56","89,56","89,56","0,01K","-0,41%"
"15.05.2013","89,93","89,93","89,93","89,93","0,01K","-0,43%"
"14.05.2013","90,32","90,32","90,32","90,32","-","0,38%"
"13.05.2013","89,98","89,98","89,98","89,98","0,04K","-0,79%"
"10.05.2013","90,70","90,70","90,70","90,70","0,03K","-0,50%"
"09.05.2013","91,16","91,16","91,16","91,16","0,03K","0,04%"
"08.05.2013","91,12","91,12","91,12","91,12","0,02K","0,01%"
"07.05.2013","91,11","91,11","91,11","91,11","-","-0,12%"
"06.05.2013","91,22","91,22","91,22","91,22","-","0,00%"
"03.05.2013","91,22","91,22","91,22","91,22","-","0,54%"
"02.05.2013","90,73","90,73","90,73","90,73","-","-0,10%"
"01.05.2013","90,82","90,82","90,82","90,82","0,02K","-0,27%"
"30.04.2013","91,07","91,07","91,07","91,07","-","-0,27%"
"29.04.2013","91,32","91,32","91,32","91,32","0,01K","-0,33%"
"26.04.2013","91,62","91,62","91,62","91,62","0,01K","-0,47%"
"25.04.2013","92,05","92,05","92,05","92,05","0,02K","0,32%"
"24.04.2013","91,76","91,76","91,76","91,76","0,01K","-0,69%"
"23.04.2013","92,40","92,40","92,40","92,40","0,01K","0,73%"
"22.04.2013","91,73","91,73","91,73","91,73","0,01K","0,13%"
"19.04.2013","91,61","91,61","91,61","91,61","0,02K","1,00%"
"18.04.2013","90,70","90,70","90,70","90,70","0,01K","-0,57%"
"17.04.2013","91,22","91,22","91,22","91,22","0,02K","-0,99%"
"16.04.2013","92,13","92,13","92,13","92,13","0,01K","-0,11%"
"15.04.2013","92,23","92,23","92,23","92,23","0,01K","-1,37%"
"12.04.2013","93,51","93,51","93,51","93,51","0,03K","0,54%"
"11.04.2013","93,01","93,01","93,01","93,01","0,02K","0,36%"
"10.04.2013","92,68","92,68","92,68","92,68","-","0,29%"
"09.04.2013","92,41","92,41","92,41","92,41","0,03K","-0,78%"
"08.04.2013","93,14","93,14","93,14","93,14","-","0,10%"
"05.04.2013","93,05","93,05","93,05","93,05","0,01K","0,51%"
"04.04.2013","92,58","92,58","92,58","92,58","0,02K","0,65%"
"03.04.2013","91,98","91,98","91,98","91,98","0,01K","0,77%"
"02.04.2013","91,28","91,28","91,28","91,28","-","-0,25%"
"28.03.2013","91,51","91,51","91,51","91,51","0,03K","-0,36%"
"27.03.2013","91,84","91,84","91,84","91,84","0,01K","-0,38%"
"26.03.2013","92,19","92,19","92,19","92,19","-","-0,26%"
"25.03.2013","92,43","92,43","92,43","92,43","-","0,11%"
"22.03.2013","92,33","92,33","92,33","92,33","0,01K","0,16%"
"21.03.2013","92,18","92,18","92,18","92,18","-","0,35%"
"20.03.2013","91,86","91,86","91,86","91,86","-","-0,99%"
"19.03.2013","92,78","92,78","92,78","92,78","-","-0,62%"
"18.03.2013","93,36","93,36","93,36","93,36","0,01K","-0,53%"
"15.03.2013","93,86","93,86","93,86","93,86","-","0,30%"
"14.03.2013","93,58","93,58","93,58","93,58","0,02K","-0,50%"
"13.03.2013","94,05","94,05","94,05","94,05","0,07K","-0,72%"
"12.03.2013","94,73","94,73","94,73","94,73","0,03K","0,19%"
"11.03.2013","94,55","94,55","94,55","94,55","-","-0,25%"
"08.03.2013","94,79","94,79","94,79","94,79","0,04K","-0,39%"
"07.03.2013","95,16","95,16","95,16","95,16","0,02K","0,21%"
"06.03.2013","94,96","94,96","94,96","94,96","0,02K","-0,34%"
"05.03.2013","95,28","95,28","95,28","95,28","0,02K","-0,10%"
"04.03.2013","95,38","95,38","95,38","95,38","0,04K","-1,12%"
"01.03.2013","96,46","96,46","96,46","96,46","0,01K","-0,52%"
"28.02.2013","96,96","96,96","96,96","96,96","-","0,39%"
"27.02.2013","96,58","96,58","96,58","96,58","-","-0,06%"
"26.02.2013","96,64","96,64","96,64","96,64","0,01K","-0,52%"
"25.02.2013","97,15","97,15","97,15","97,15","-","-0,25%"
"22.02.2013","97,39","97,39","97,39","97,39","-","-0,38%"
"21.02.2013","97,76","97,76","97,76","97,76","-","-0,20%"
"20.02.2013","97,96","97,96","97,96","97,96","0,01K","0,15%"
"19.02.2013","97,81","97,81","97,81","97,81","-","0,12%"
"18.02.2013","97,69","97,69","97,69","97,69","-","0,45%"
"15.02.2013","97,25","97,25","97,25","97,25","-","-0,51%"
"14.02.2013","97,75","97,75","97,75","97,75","-","-0,51%"
"13.02.2013","98,25","98,25","98,25","98,25","0,01K","-0,52%"
"12.02.2013","98,76","98,76","98,76","98,76","-","0,03%"
"11.02.2013","98,73","98,73","98,73","98,73","0,04K","-0,41%"
"08.02.2013","99,14","99,14","99,14","99,14","0,01K","0,51%"
"07.02.2013","98,64","98,64","98,64","98,64","-","0,01%"
"06.02.2013","98,63","98,63","98,63","98,63","0,02K","-0,13%"
"05.02.2013","98,76","98,76","98,76","98,76","0,01K","0,02%"
"04.02.2013","98,74","98,74","98,74","98,74","0,01K","-0,40%"
"01.02.2013","99,14","99,14","99,14","99,14","0,02K","0,51%"
"31.01.2013","98,64","98,64","98,64","98,64","0,03K","-0,82%"
"30.01.2013","99,46","99,46","99,46","99,46","0,01K","0,13%"
"29.01.2013","99,33","99,33","99,33","99,33","0,02K","-0,28%"
"28.01.2013","99,61","99,61","99,61","99,61","0,01K","5,30%"
"25.01.2013","94,60","94,60","94,60","94,60","-","0,55%"
"24.01.2013","94,08","94,08","94,08","94,08","-","0,65%"
"23.01.2013","93,47","93,47","93,47","93,47","-","-0,65%"
"22.01.2013","94,08","94,08","94,08","94,08","-","0,66%"
"21.01.2013","93,46","93,46","93,46","93,46","-","-0,34%"
"18.01.2013","93,78","93,78","93,78","93,78","-","-0,47%"
"17.01.2013","94,22","94,22","94,22","94,22","-","0,16%"
"16.01.2013","94,07","94,07","94,07","94,07","-","-0,30%"
"15.01.2013","94,35","94,35","94,35","94,35","-","-0,54%"
"14.01.2013","94,86","94,86","94,86","94,86","-","-0,60%"
"11.01.2013","95,43","95,43","95,43","95,43","0,01K","0,68%"
"10.01.2013","94,79","94,79","94,79","94,79","-","0,46%"
"09.01.2013","94,36","94,36","94,36","94,36","0,01K","0,07%"
"08.01.2013","94,29","94,29","94,29","94,29","0,02K","-0,94%"
"07.01.2013","95,18","95,18","95,18","95,18","-","-0,19%"
"04.01.2013","95,36","95,36","95,36","95,36","0,02K","0,09%"
"03.01.2013","95,27","95,27","95,27","95,27","-","-0,42%"
"02.01.2013","95,67","95,67","95,67","95,67","-","0,40%"
"31.12.2012","95,29","95,29","95,29","95,29","-","-0,06%"
"28.12.2012","95,35","95,35","95,35","95,35","-","0,34%"
"27.12.2012","95,03","95,03","95,03","95,03","-","-0,86%"
"24.12.2012","95,85","95,85","95,85","95,85","-","-0,10%"
"21.12.2012","95,95","95,95","95,95","95,95","-","-0,16%"
"20.12.2012","96,10","96,10","96,10","96,10","0,01K","-1,09%"
"19.12.2012","97,16","97,16","97,16","97,16","0,01K","0,18%"
"18.12.2012","96,99","96,99","96,99","96,99","0,04K","0,69%"
"17.12.2012","96,33","96,33","96,33","96,33","-","0,77%"
"14.12.2012","95,59","95,59","95,59","95,59","0,01K","0,63%"
"13.12.2012","94,99","94,99","94,99","94,99","0,03K","0,79%"
"12.12.2012","94,25","94,25","94,25","94,25","-","-0,20%"
"11.12.2012","94,44","94,44","94,44","94,44","0,02K","-0,69%"
"10.12.2012","95,10","95,10","95,10","95,10","-","0,00%"
"07.12.2012","95,10","95,10","95,10","95,10","-","-0,31%"
"06.12.2012","95,40","95,40","95,40","95,40","-","-0,80%"
"05.12.2012","96,17","96,17","96,17","96,17","0,01K","-0,35%"
"04.12.2012","96,51","96,51","96,51","96,51","0,03K","-0,28%"
"03.12.2012","96,78","96,78","96,78","96,78","0,03K","0,68%"
"30.11.2012","96,13","96,13","96,13","96,13","0,01K","0,08%"
"29.11.2012","96,05","96,05","96,05","96,05","0,07K","0,60%"
"28.11.2012","95,48","95,48","95,48","95,48","0,06K","-0,49%"
"27.11.2012","95,95","95,95","95,95","95,95","-","0,11%"
"26.11.2012","95,84","95,84","95,84","95,84","0,01K","-0,17%"
"23.11.2012","96,00","96,00","96,00","96,00","0,03K","0,98%"
"22.11.2012","95,07","95,07","95,07","95,07","0,01K","0,58%"
"21.11.2012","94,52","94,52","94,52","94,52","0,01K","-0,63%"
"20.11.2012","95,12","95,12","95,12","95,12","0,03K","-0,76%"
"19.11.2012","95,85","95,85","95,85","95,85","0,02K","-0,34%"
"16.11.2012","96,18","96,18","96,18","96,18","-","0,56%"
"15.11.2012","95,64","95,64","95,64","95,64","0,01K","0,00%"
"14.11.2012","95,64","95,64","95,64","95,64","0,02K","0,93%"
"13.11.2012","94,76","94,76","94,76","94,76","0,03K","0,22%"
"12.11.2012","94,55","94,55","94,55","94,55","0,04K","0,71%"
"09.11.2012","93,88","93,88","93,88","93,88","0,01K","0,23%"
"08.11.2012","93,66","93,66","93,66","93,66","0,01K","0,86%"
"07.11.2012","92,86","92,86","92,86","92,86","0,02K","-0,24%"
"06.11.2012","93,08","93,08","93,08","93,08","-","1,01%"
"05.11.2012","92,15","92,15","92,15","92,15","0,02K","0,68%"
"02.11.2012","91,53","91,53","91,53","91,53","-","-0,29%"
"01.11.2012","91,80","91,80","91,80","91,80","0,02K","0,12%"
"31.10.2012","91,69","91,69","91,69","91,69","0,02K","-0,34%"
"30.10.2012","92,00","92,00","92,00","92,00","0,02K","0,46%"
"29.10.2012","91,58","91,58","91,58","91,58","0,01K","-0,96%"
"26.10.2012","92,47","92,47","92,47","92,47","0,03K","-0,23%"
"25.10.2012","92,68","92,68","92,68","92,68","0,01K","-0,66%"
"24.10.2012","93,30","93,30","93,30","93,30","0,01K","-0,79%"
"23.10.2012","94,04","94,04","94,04","94,04","-","-0,51%"
"22.10.2012","94,52","94,52","94,52","94,52","-","-0,74%"
"19.10.2012","95,22","95,22","95,22","95,22","-","0,35%"
"18.10.2012","94,89","94,89","94,89","94,89","0,02K","-0,41%"
"17.10.2012","95,28","95,28","95,28","95,28","0,01K","1,25%"
"16.10.2012","94,10","94,10","94,10","94,10","0,03K","1,59%"
"15.10.2012","92,63","92,63","92,63","92,63","0,02K","-1,80%"
"12.10.2012","94,33","94,33","94,33","94,33","0,04K","-1,02%"
"11.10.2012","95,30","95,30","95,30","95,30","0,01K","-1,02%"
"10.10.2012","96,28","96,28","96,28","96,28","0,03K","-0,74%"
"09.10.2012","97,00","97,00","97,00","97,00","0,01K","-0,50%"
"08.10.2012","97,49","97,49","97,49","97,49","0,02K","-0,07%"
"05.10.2012","97,56","97,56","97,56","97,56","-","0,84%"
"04.10.2012","96,75","96,75","96,75","96,75","0,01K","0,37%"
"03.10.2012","96,39","96,39","96,39","96,39","0,02K","-0,33%"
"02.10.2012","96,71","96,71","96,71","96,71","0,06K","-0,08%"
"01.10.2012","96,79","96,79","96,79","96,79","0,01K","-1,17%"
"28.09.2012","97,94","97,94","97,94","97,94","0,02K","0,35%"
"27.09.2012","97,60","97,60","97,60","97,60","0,01K","0,31%"
"26.09.2012","97,30","97,30","97,30","97,30","0,03K","-0,13%"
"25.09.2012","97,43","97,43","97,43","97,43","0,01K","0,29%"
"24.09.2012","97,15","97,15","97,15","97,15","0,02K","-1,02%"
"21.09.2012","98,15","98,15","98,15","98,15","0,03K","-1,06%"
"20.09.2012","99,20","99,20","99,20","99,20","0,02K","-0,28%"
"19.09.2012","99,48","99,48","99,48","99,48","0,06K","0,19%"
"18.09.2012","99,29","99,29","99,29","99,29","0,03K","-0,17%"
"17.09.2012","99,46","99,46","99,46","99,46","0,03K","-0,07%"
"14.09.2012","99,53","99,53","99,53","99,53","0,01K","1,15%"
"13.09.2012","98,40","98,40","98,40","98,40","0,01K","0,05%"
"12.09.2012","98,35","98,35","98,35","98,35","0,02K","0,15%"
"11.09.2012","98,20","98,20","98,20","98,20","0,02K","-0,54%"
"10.09.2012","98,73","98,73","98,73","98,73","0,03K","-0,27%"
"07.09.2012","99,00","99,00","99,00","99,00","0,01K","0,10%"
"06.09.2012","98,90","98,90","98,90","98,90","-","0,05%"
"05.09.2012","98,85","98,85","98,85","98,85","0,01K","-0,14%"
"04.09.2012","98,99","98,99","98,99","98,99","-","-0,72%"
"03.09.2012","99,71","99,71","99,71","99,71","-","0,88%"
"31.08.2012","98,84","98,84","98,84","98,84","0,01K","0,85%"
"30.08.2012","98,01","98,01","98,01","98,01","0,01K","-0,15%"
"29.08.2012","98,16","98,16","98,16","98,16","0,01K","-0,46%"
"28.08.2012","98,61","98,61","98,61","98,61","0,01K","-0,28%"
"24.08.2012","98,89","98,89","98,89","98,89","-","-0,06%"
"23.08.2012","98,95","98,95","98,95","98,95","0,02K","-0,14%"
"22.08.2012","99,09","99,09","99,09","99,09","0,03K","-0,11%"
"21.08.2012","99,20","99,20","99,20","99,20","-","1,22%"
"20.08.2012","98,00","98,00","98,00","98,00","0,03K","-0,13%"
"17.08.2012","98,13","98,13","98,13","98,13","-","-0,33%"
"16.08.2012","98,45","98,45","98,45","98,45","0,02K","-0,40%"
"15.08.2012","98,85","98,85","98,85","98,85","0,03K","-1,21%"
"14.08.2012","100,06","100,06","100,06","100,06","0,02K","-0,55%"
"13.08.2012","100,61","100,61","100,61","100,61","0,01K","0,50%"
"10.08.2012","100,11","100,11","100,11","100,11","-","-0,69%"
"09.08.2012","100,81","100,81","100,81","100,81","0,02K","0,10%"
"08.08.2012","100,71","100,71","100,71","100,71","0,03K","0,78%"
"07.08.2012","99,93","99,93","99,93","99,93","0,03K","1,06%"
"06.08.2012","98,88","98,88","98,88","98,88","-","1,46%"
"03.08.2012","97,46","97,46","97,46","97,46","-","0,68%"
"02.08.2012","96,80","96,80","96,80","96,80","0,01K","-0,70%"
"01.08.2012","97,48","97,48","97,48","97,48","0,01K","-0,23%"
"31.07.2012","97,70","97,70","97,70","97,70","0,01K","1,55%"
"30.07.2012","96,21","96,21","96,21","96,21","0,01K","-0,50%"
"27.07.2012","96,69","96,69","96,69","96,69","0,01K","0,66%"
"26.07.2012","96,06","96,06","96,06","96,06","0,02K","0,90%"
"25.07.2012","95,20","95,20","95,20","95,20","-","0,01%"
"24.07.2012","95,19","95,19","95,19","95,19","-","-0,22%"
"23.07.2012","95,40","95,40","95,40","95,40","-","-0,89%"
"20.07.2012","96,26","96,26","96,26","96,26","0,02K","-0,44%"
"19.07.2012","96,69","96,69","96,69","96,69","0,01K","0,79%"
"18.07.2012","95,93","95,93","95,93","95,93","0,02K","0,36%"
"17.07.2012","95,59","95,59","95,59","95,59","0,01K","0,10%"
"16.07.2012","95,49","95,49","95,49","95,49","0,02K","0,58%"
"13.07.2012","94,94","94,94","94,94","94,94","-","0,97%"
"12.07.2012","94,03","94,03","94,03","94,03","0,01K","-0,49%"
"11.07.2012","94,49","94,49","94,49","94,49","0,02K","-0,58%"
"10.07.2012","95,04","95,04","95,04","95,04","0,01K","-0,83%"
"09.07.2012","95,84","95,84","95,84","95,84","0,01K","-0,51%"
"06.07.2012","96,33","96,33","96,33","96,33","0,03K","-0,01%"
"05.07.2012","96,34","96,34","96,34","96,34","0,01K","-1,08%"
"04.07.2012","97,39","97,39","97,39","97,39","0,02K","0,00%"
"03.07.2012","97,39","97,39","97,39","97,39","0,01K","0,67%"
"02.07.2012","96,74","96,74","96,74","96,74","0,01K","-1,02%"
"29.06.2012","97,74","97,74","97,74","97,74","0,01K","0,86%"
"28.06.2012","96,91","96,91","96,91","96,91","-","-0,87%"
"27.06.2012","97,76","97,76","97,76","97,76","-","0,52%"
"26.06.2012","97,25","97,25","97,25","97,25","0,01K","0,52%"
"25.06.2012","96,75","96,75","96,75","96,75","-","-0,42%"
"22.06.2012","97,16","97,16","97,16","97,16","0,01K","1,38%"
"21.06.2012","95,84","95,84","95,84","95,84","-","0,29%"
"20.06.2012","95,56","95,56","95,56","95,56","0,01K","0,50%"
"19.06.2012","95,08","95,08","95,08","95,08","-","0,21%"
"18.06.2012","94,88","94,88","94,88","94,88","-","-1,27%"
"15.06.2012","96,10","95,40","95,40","95,40","0,01K","1,26%"
"14.06.2012","94,90","94,90","94,90","94,90","-","-0,69%"
"13.06.2012","95,56","95,56","95,56","95,56","-","1,28%"
"12.06.2012","94,35","94,35","94,35","94,35","-","-0,11%"
"11.06.2012","94,45","94,45","94,45","94,45","0,07K","-0,87%"
"08.06.2012","95,28","95,28","95,28","95,28","0,01K","-1,45%"
"07.06.2012","96,68","96,68","96,68","96,68","0,01K","-1,07%"
"06.06.2012","97,73","97,73","97,73","97,73","0,01K","-1,57%"
"01.06.2012","99,29","99,29","99,29","99,29","-","-0,22%"
"31.05.2012","99,51","99,51","99,51","99,51","0,01K","-1,26%"
"30.05.2012","100,78","100,78","100,78","100,78","0,01K","-1,25%"
"29.05.2012","102,06","102,06","102,06","102,06","0,01K","1,19%"
"28.05.2012","100,86","100,86","100,86","100,86","0,01K","1,23%"
"25.05.2012","99,63","99,63","99,63","99,63","-","-0,36%"
"24.05.2012","99,99","99,99","99,99","99,99","0,02K","0,40%"
"23.05.2012","99,59","99,59","99,59","99,59","-","-1,39%"
"22.05.2012","100,99","100,99","100,99","100,99","-","-1,43%"
"21.05.2012","102,45","102,45","102,45","102,45","-","0,78%"
"18.05.2012","101,66","101,66","101,66","101,66","0,01K","-1,93%"
"17.05.2012","103,66","103,66","103,66","103,66","0,02K","-0,53%"
"16.05.2012","104,21","104,21","104,21","104,21","-","-0,83%"
"15.05.2012","105,08","105,08","105,08","105,08","-","-0,55%"
"14.05.2012","105,66","105,66","105,66","105,66","-","-1,86%"
"11.05.2012","107,66","107,66","107,66","107,66","0,01K","-0,76%"
"10.05.2012","108,48","108,48","108,48","108,48","-","0,44%"
"09.05.2012","108,00","108,00","108,00","108,00","-","-0,07%"
"08.05.2012","108,08","108,08","108,08","108,08","-","-1,03%"
"04.05.2012","109,21","109,21","109,21","109,21","0,01K","-0,72%"
"03.05.2012","110,00","110,00","110,00","110,00","-","0,92%"
"02.05.2012","109,00","109,00","109,00","109,00","-","-0,13%"
"01.05.2012","109,14","109,14","109,14","109,14","-","-0,20%"
"30.04.2012","109,36","109,36","109,36","109,36","-","-0,98%"
"27.04.2012","110,44","110,44","110,44","110,44","-","-0,56%"
"26.04.2012","111,06","111,06","111,06","111,06","-","0,50%"
"25.04.2012","110,51","110,51","110,51","110,51","0,04K","-1,01%"
"24.04.2012","111,64","111,64","111,64","111,64","-","-0,37%"
"23.04.2012","112,05","112,05","112,05","112,05","-","-0,88%"
"20.04.2012","113,05","113,05","113,05","113,05","-","0,77%"
"19.04.2012","112,19","112,19","112,19","112,19","-","-0,08%"
"18.04.2012","112,28","112,28","112,28","112,28","-","-0,47%"
"17.04.2012","112,81","112,81","112,81","112,81","-","-0,41%"
"16.04.2012","113,28","113,28","113,28","113,28","-","-0,51%"
"13.04.2012","113,86","113,86","113,86","113,86","-","-0,55%"
"12.04.2012","114,49","114,49","114,49","114,49","-","0,33%"
"11.04.2012","114,11","114,11","114,11","114,11","-","-0,08%"
"10.04.2012","114,20","114,20","114,20","114,20","-","-0,31%"
"05.04.2012","114,55","114,55","114,55","114,55","-","0,17%"
"04.04.2012","114,35","114,35","114,35","114,35","0,01K","-0,86%"
"03.04.2012","115,34","115,34","115,34","115,34","0,01K","-0,18%"
"02.04.2012","115,55","115,55","115,55","115,55","0,02K","-0,56%"
"30.03.2012","116,20","116,20","116,20","116,20","-","1,05%"
"29.03.2012","114,99","114,99","114,99","114,99","-","0,27%"
"28.03.2012","114,68","114,68","114,68","114,68","-","0,39%"
"27.03.2012","114,24","114,24","114,24","114,24","-","0,31%"
"26.03.2012","113,89","113,89","113,89","113,89","-","-0,11%"
"23.03.2012","114,01","114,01","114,01","114,01","0,01K","-0,33%"
"22.03.2012","114,39","114,39","114,39","114,39","-","-0,27%"
"21.03.2012","114,70","114,70","114,70","114,70","0,01K","0,30%"
"20.03.2012","114,36","114,36","114,36","114,36","0,02K","0,11%"
"19.03.2012","114,23","114,23","114,23","114,23","0,01K","0,64%"
"16.03.2012","113,50","113,50","113,50","113,50","-","0,44%"
"15.03.2012","113,00","113,00","113,00","113,00","0,01K","-0,40%"
"14.03.2012","113,45","113,45","113,45","113,45","0,01K","0,30%"
"13.03.2012","113,11","113,11","113,11","113,11","0,04K","-0,11%"
"12.03.2012","113,24","113,24","113,24","113,24","-","-0,52%"
"09.03.2012","113,83","113,83","113,83","113,83","-","-0,36%"
"08.03.2012","114,24","114,24","114,24","114,24","-","0,92%"
"07.03.2012","113,20","113,20","113,20","113,20","-","0,35%"
"06.03.2012","112,81","112,81","112,81","112,81","0,01K","-0,31%"
"05.03.2012","113,16","113,16","113,16","113,16","-","-0,09%"
"02.03.2012","113,26","113,26","113,26","113,26","-","0,45%"
"01.03.2012","112,75","112,75","112,75","112,75","0,01K","-0,16%"
"29.02.2012","112,93","112,93","112,93","112,93","-","-0,88%"
"28.02.2012","113,93","113,93","113,93","113,93","-","-0,76%"
"27.02.2012","114,80","114,80","114,80","114,80","-","0,34%"
"24.02.2012","114,41","114,41","114,41","114,41","-","0,27%"
"23.02.2012","114,10","114,10","114,10","114,10","-","0,00%"
"22.02.2012","114,10","114,10","114,10","114,10","-","0,86%"
"21.02.2012","113,13","113,13","113,13","113,13","-","-0,33%"
"20.02.2012","113,50","113,50","113,50","113,50","-","-0,17%"
"17.02.2012","113,69","113,69","113,69","113,69","0,01K","0,75%"
"16.02.2012","112,84","112,84","112,84","112,84","0,01K","-0,41%"
"15.02.2012","113,30","113,30","113,30","113,30","-","0,59%"
"14.02.2012","112,64","112,64","112,64","112,64","0,01K","-0,18%"
"13.02.2012","112,84","112,84","112,84","112,84","0,01K","-0,11%"
"10.02.2012","112,96","112,96","112,96","112,96","0,01K","-0,81%"
"09.02.2012","113,88","113,88","113,88","113,88","0,02K","-0,41%"
"08.02.2012","114,35","114,35","114,35","114,35","-","-1,21%"
"07.02.2012","115,75","115,75","115,75","115,75","0,01K","0,23%"
"06.02.2012","115,48","115,48","115,48","115,48","0,01K","-0,27%"
"03.02.2012","115,79","115,79","115,79","115,79","-","0,23%"
"02.02.2012","115,53","115,53","115,53","115,53","0,01K","0,51%"
"01.02.2012","114,94","114,94","114,94","114,94","0,02K","-0,53%"
"31.01.2012","115,55","115,55","115,55","115,55","-","-1,73%"
"30.01.2012","117,59","117,59","117,59","117,59","0,01K","1,71%"
"27.01.2012","115,61","115,61","115,61","115,61","-","0,77%"
"26.01.2012","114,73","114,73","114,73","114,73","-","0,19%"
"25.01.2012","114,51","114,51","114,51","114,51","-","0,68%"
"24.01.2012","113,74","113,74","113,74","113,74","-","1,03%"
"23.01.2012","112,58","112,58","112,58","112,58","-","0,35%"
"20.01.2012","112,19","112,19","112,19","112,19","-","1,06%"
"19.01.2012","111,01","111,01","111,01","111,01","0,02K","0,46%"
"18.01.2012","110,50","110,50","110,50","110,50","-","0,30%"
"17.01.2012","110,17","110,17","110,17","110,17","-","0,52%"
"16.01.2012","109,60","109,60","109,60","109,60","-","-0,76%"
"13.01.2012","110,44","110,44","110,44","110,44","-","-0,74%"
"12.01.2012","111,26","111,26","111,26","111,26","-","-0,30%"
"11.01.2012","111,60","111,60","111,60","111,60","-","-0,45%"
"10.01.2012","112,10","112,10","112,10","112,10","-","-0,27%"
"09.01.2012","112,40","112,40","112,40","112,40","0,01K","-0,49%"
"06.01.2012","112,95","112,95","112,95","112,95","0,01K","0,18%"
"05.01.2012","112,75","112,75","112,75","112,75","0,01K","0,51%"
"04.01.2012","112,18","112,18","112,18","112,18","-","0,84%"
"03.01.2012","111,25","111,25","111,25","111,25","-","-0,14%"
"30.12.2011","111,41","111,41","111,41","111,41","-","-0,78%"
"29.12.2011","112,29","112,29","112,29","112,29","-","-1,03%"
"28.12.2011","113,46","113,46","113,46","113,46","-","-0,18%"
"23.12.2011","113,66","113,66","113,66","113,66","-","0,20%"
"22.12.2011","113,43","113,43","113,43","113,43","0,01K","0,34%"
"21.12.2011","113,05","113,05","113,05","113,05","-","0,23%"
"20.12.2011","112,79","112,79","112,79","112,79","-","1,21%"
"19.12.2011","111,44","111,44","111,44","111,44","0,02K","-0,07%"
"16.12.2011","111,52","111,52","111,52","111,52","0,01K","0,45%"
"15.12.2011","111,02","111,02","111,02","111,02","0,02K","-0,10%"
"14.12.2011","111,13","111,13","111,13","111,13","0,03K","-0,85%"
"13.12.2011","112,08","112,08","112,08","112,08","-","-0,18%"
"12.12.2011","112,28","112,28","112,28","112,28","0,01K","-0,47%"
"09.12.2011","112,81","112,81","112,81","112,81","0,01K","-0,04%"
"08.12.2011","112,85","112,85","112,85","112,85","0,01K","0,25%"
"07.12.2011","112,57","112,57","112,57","112,57","0,01K","0,01%"
"06.12.2011","112,56","112,56","112,56","112,56","0,01K","-0,49%"
"05.12.2011","113,11","113,11","113,11","113,11","0,01K","0,04%"
"02.12.2011","113,06","113,06","113,06","113,06","-","0,07%"
"01.12.2011","112,98","112,98","112,98","112,98","-","-0,09%"
"30.11.2011","113,08","113,08","113,08","113,08","0,01K","1,72%"
"29.11.2011","111,17","111,17","111,17","111,17","-","0,04%"
"28.11.2011","111,13","111,13","111,13","111,13","-","0,99%"
"25.11.2011","110,04","110,04","110,04","110,04","0,02K","-1,30%"
"24.11.2011","111,49","111,49","111,49","111,49","0,01K","-1,11%"
"23.11.2011","112,74","112,74","112,74","112,74","0,03K","-0,91%"
"22.11.2011","113,77","113,77","113,77","113,77","0,02K","-0,20%"
"21.11.2011","114,00","114,00","114,00","114,00","-","-1,24%"
"18.11.2011","115,43","115,43","115,43","115,43","0,03K","-0,26%"
"17.11.2011","115,73","115,73","115,73","115,73","0,01K","-0,08%"
"16.11.2011","115,82","115,82","115,82","115,82","-","0,58%"
"15.11.2011","115,15","115,15","115,15","115,15","0,01K","0,14%"
"14.11.2011","114,99","114,99","114,99","114,99","0,01K","-0,83%"
"11.11.2011","115,95","115,95","115,95","115,95","0,01K","0,76%"
"10.11.2011","115,07","115,07","115,07","115,07","0,03K","-1,17%"
"09.11.2011","116,43","116,43","116,43","116,43","-","-0,89%"
"08.11.2011","117,47","117,47","117,47","117,47","0,01K","-0,66%"
"07.11.2011","118,25","118,25","118,25","118,25","-","0,91%"
"04.11.2011","117,18","117,18","117,18","117,18","-","0,46%"
"03.11.2011","116,64","116,64","116,64","116,64","0,01K","0,61%"
"02.11.2011","115,93","115,93","115,93","115,93","0,01K","0,63%"
"01.11.2011","115,20","115,20","115,20","115,20","-","-1,87%"
"31.10.2011","117,40","117,40","117,40","117,40","-","-1,46%"
"28.10.2011","119,14","119,14","119,14","119,14","-","0,79%"
"27.10.2011","118,21","118,21","118,21","118,21","0,01K","1,16%"
"26.10.2011","116,85","116,85","116,85","116,85","0,01K","-0,48%"
"25.10.2011","117,41","117,41","117,41","117,41","-","0,30%"
"24.10.2011","117,06","117,06","117,06","117,06","0,01K","0,79%"
"21.10.2011","116,14","116,14","116,14","116,14","0,02K","0,55%"
"20.10.2011","115,51","115,51","115,51","115,51","0,06K","-0,13%"
"19.10.2011","115,66","115,66","115,66","115,66","0,02K","-1,27%"
"18.10.2011","117,15","117,15","117,15","117,15","-","-1,17%"
"17.10.2011","118,54","118,54","118,54","118,54","0,02K","-0,26%"
"14.10.2011","118,85","118,85","118,85","118,85","0,01K","0,20%"
"13.10.2011","118,61","118,61","118,61","118,61","0,06K","-1,41%"
"12.10.2011","120,31","120,31","120,31","120,31","0,03K","0,33%"
"11.10.2011","119,91","119,91","119,91","119,91","0,01K","-0,22%"
"10.10.2011","120,18","120,18","120,18","120,18","0,03K","0,45%"
"07.10.2011","119,64","119,64","119,64","119,64","0,02K","-0,01%"
"06.10.2011","119,65","119,65","119,65","119,65","0,02K","0,43%"
"05.10.2011","119,14","119,14","119,14","119,14","0,02K","0,46%"
"04.10.2011","118,60","118,60","118,60","118,60","0,02K","-1,37%"
"03.10.2011","120,25","120,25","120,25","120,25","0,01K","-1,42%"
"30.09.2011","121,98","121,98","121,98","121,98","0,01K","-0,53%"
"29.09.2011","122,63","122,63","122,63","122,63","0,01K","-0,04%"
"28.09.2011","122,68","122,68","122,68","122,68","0,03K","0,10%"
"27.09.2011","122,56","122,56","122,56","122,56","0,01K","0,60%"
"26.09.2011","121,83","121,83","121,83","121,83","0,01K","-0,64%"
"23.09.2011","122,61","122,61","122,61","122,61","-","-1,17%"
"22.09.2011","124,06","124,06","124,06","124,06","0,02K","-0,98%"
"21.09.2011","125,29","125,29","125,29","125,29","-","0,21%"
"20.09.2011","125,03","125,03","125,03","125,03","0,01K","0,02%"
"19.09.2011","125,00","125,00","125,00","125,00","0,01K","-0,55%"
"16.09.2011","125,69","125,69","125,69","125,69","0,01K","0,05%"
"15.09.2011","125,63","125,63","125,63","125,63","0,01K","0,88%"
"14.09.2011","124,54","124,54","124,54","124,54","-","-0,04%"
"13.09.2011","124,59","124,59","124,59","124,59","0,02K","-0,34%"
"12.09.2011","125,01","125,01","125,01","125,01","0,01K","-0,45%"
"09.09.2011","125,58","125,58","125,58","125,58","0,02K","-1,18%"
"08.09.2011","127,08","127,08","127,08","127,08","0,01K","0,32%"
"07.09.2011","126,68","126,68","126,68","126,68","-","0,29%"
"06.09.2011","126,31","126,31","126,31","126,31","0,01K","0,02%"
"05.09.2011","126,29","126,29","126,29","126,29","0,01K","-0,76%"
"02.09.2011","127,26","127,26","127,26","127,26","0,01K","0,16%"
"01.09.2011","127,06","127,06","127,06","127,06","0,01K","-0,12%"
"31.08.2011","127,21","127,21","127,21","127,21","0,02K","0,75%"
"30.08.2011","126,26","126,26","126,26","126,26","0,02K","1,18%"
"26.08.2011","124,79","124,79","124,79","124,79","0,01K","0,33%"
"25.08.2011","124,38","124,38","124,38","124,38","0,01K","-0,50%"
"24.08.2011","125,00","125,00","125,00","125,00","0,01K","0,08%"
"23.08.2011","124,90","124,90","124,90","124,90","0,01K","0,56%"
"22.08.2011","124,20","124,20","124,20","124,20","0,02K","0,84%"
"19.08.2011","123,16","123,16","123,16","123,16","0,01K","-0,61%"
"18.08.2011","123,91","123,91","123,91","123,91","0,01K","-0,80%"
"17.08.2011","124,91","124,91","124,91","124,91","0,01K","0,11%"
"16.08.2011","124,77","124,77","124,77","124,77","-","-0,04%"
"15.08.2011","124,82","124,82","124,82","124,82","-","0,47%"
"12.08.2011","124,23","124,23","124,23","124,23","-","0,13%"
"11.08.2011","124,07","124,07","124,07","124,07","-","0,47%"
"10.08.2011","123,49","123,49","123,49","123,49","0,01K","0,36%"
"09.08.2011","123,05","123,05","123,05","123,05","0,01K","-0,14%"
"08.08.2011","123,22","123,22","123,22","123,22","-","-1,61%"
"05.08.2011","125,23","125,23","125,23","125,23","-","-0,21%"
"04.08.2011","125,49","125,49","125,49","125,49","-","-1,04%"
"03.08.2011","126,81","126,81","126,81","126,81","0,01K","-0,14%"
"02.08.2011","126,99","126,99","126,99","126,99","-","0,34%"
"01.08.2011","126,56","126,56","126,56","126,56","0,01K","0,02%"
"29.07.2011","126,53","126,53","126,53","126,53","0,02K","-0,28%"
"28.07.2011","126,88","126,88","126,88","126,88","-","-0,04%"
"27.07.2011","126,93","126,93","126,93","126,93","-","-0,43%"
"26.07.2011","127,48","127,48","127,48","127,48","0,02K","0,33%"
"25.07.2011","127,06","127,06","127,06","127,06","-","-0,11%"
"22.07.2011","127,20","127,20","127,20","127,20","-","-0,08%"
"21.07.2011","127,30","127,30","127,30","127,30","0,02K","0,16%"
"20.07.2011","127,10","127,10","127,10","127,10","0,01K","0,40%"
"19.07.2011","126,59","126,59","126,59","126,59","0,01K","0,43%"
"18.07.2011","126,05","126,05","126,05","126,05","0,01K","-0,47%"
"15.07.2011","126,65","126,65","126,65","126,65","-","-0,36%"
"14.07.2011","127,11","127,11","127,11","127,11","0,02K","-0,30%"
"13.07.2011","127,49","127,49","127,49","127,49","0,02K","0,28%"
"12.07.2011","127,13","127,13","127,13","127,13","0,01K","0,30%"
"11.07.2011","126,75","126,75","126,75","126,75","-","-0,81%"
"08.07.2011","127,79","127,79","127,79","127,79","0,02K","-0,29%"
"07.07.2011","128,16","128,16","128,16","128,16","-","0,39%"
"06.07.2011","127,66","127,66","127,66","127,66","0,01K","-1,01%"
"05.07.2011","128,96","128,96","128,96","128,96","0,01K","0,73%"
"04.07.2011","128,03","128,03","128,03","128,03","-","0,31%"
"01.07.2011","127,63","127,63","127,63","127,63","-","-0,43%"
"30.06.2011","128,18","128,18","128,18","128,18","-","0,14%"
"29.06.2011","128,00","128,00","128,00","128,00","-","0,92%"
"28.06.2011","126,83","126,83","126,83","126,83","0,01K","0,54%"
"27.06.2011","126,15","126,15","126,15","126,15","0,01K","-0,14%"
"24.06.2011","126,33","126,33","126,33","126,33","0,02K","0,04%"
"23.06.2011","126,28","126,28","126,28","126,28","0,01K","-1,21%"
"22.06.2011","127,83","127,83","127,83","127,83","-","0,46%"
"21.06.2011","127,24","127,24","127,24","127,24","0,02K","0,09%"
"20.06.2011","127,13","127,13","127,13","127,13","0,01K","-0,67%"
"17.06.2011","127,99","127,99","127,99","127,99","-","-0,28%"
"16.06.2011","128,35","128,35","128,35","128,35","0,01K","-1,25%"
"15.06.2011","129,98","129,98","129,98","129,98","-","-0,35%"
"14.06.2011","130,44","130,44","130,44","130,44","0,01K","-0,11%"
"13.06.2011","130,59","130,59","130,59","130,59","0,02K","0,80%"
"10.06.2011","129,55","129,55","129,55","129,55","0,02K","-0,14%"
"09.06.2011","129,73","129,73","129,73","129,73","-","0,12%"
"08.06.2011","129,58","129,58","129,58","129,58","-","-0,08%"
"07.06.2011","129,68","129,68","129,68","129,68","0,01K","0,57%"
"06.06.2011","128,94","128,94","128,94","128,94","-","0,00%"
"03.06.2011","128,94","128,94","128,94","128,94","-","0,28%"
"02.06.2011","128,58","128,58","128,58","128,58","-","-0,13%"
"01.06.2011","128,75","128,75","128,75","128,75","-","-0,04%"
"31.05.2011","128,80","128,80","128,80","128,80","0,01K","0,81%"
"27.05.2011","127,76","127,76","127,76","127,76","0,02K","1,24%"
"26.05.2011","126,20","126,20","126,20","126,20","0,01K","0,25%"
"25.05.2011","125,88","125,88","125,88","125,88","0,01K","-0,17%"
"24.05.2011","126,10","126,10","126,10","126,10","-","0,36%"
"23.05.2011","125,65","125,65","125,65","125,65","-","-1,33%"
"20.05.2011","127,34","127,34","127,34","127,34","-","-0,09%"
"19.05.2011","127,46","127,46","127,46","127,46","-","0,65%"
"18.05.2011","126,64","126,64","126,64","126,64","-","1,10%"
"17.05.2011","125,26","125,26","125,26","125,26","0,01K","-0,47%"
"16.05.2011","125,85","125,85","125,85","125,85","0,02K","0,31%"
"13.05.2011","125,46","125,46","125,46","125,46","0,01K","-1,10%"
"12.05.2011","126,85","126,85","126,85","126,85","-","-1,00%"
"11.05.2011","128,13","128,13","128,13","128,13","0,01K","-0,58%"
"10.05.2011","128,88","128,88","128,88","128,88","0,01K","-0,24%"
"09.05.2011","129,19","129,19","129,19","129,19","0,01K","0,49%"
"06.05.2011","128,56","128,56","128,56","128,56","0,03K","-0,46%"
"05.05.2011","129,15","129,15","129,15","129,15","0,01K","-1,79%"
"04.05.2011","131,51","131,51","131,51","131,51","-","-0,43%"
"03.05.2011","132,08","132,08","132,08","132,08","0,01K","0,64%"
"29.04.2011","131,24","131,24","131,24","131,24","0,01K","0,00%"
"28.04.2011","131,24","131,24","131,24","131,24","0,01K","1,32%"
"27.04.2011","129,53","129,53","129,53","129,53","0,01K","0,65%"
"26.04.2011","128,69","128,69","128,69","128,69","0,02K","-0,55%"
"21.04.2011","129,40","129,40","129,40","129,40","-","0,19%"
"20.04.2011","129,16","129,16","129,16","129,16","0,01K","1,53%"
"19.04.2011","127,21","127,21","127,21","127,21","-","-0,34%"
"18.04.2011","127,64","127,64","127,64","127,64","0,01K","-1,25%"
"15.04.2011","129,25","129,25","129,25","129,25","-","0,65%"
"14.04.2011","128,41","128,41","128,41","128,41","0,01K","0,72%"
"13.04.2011","127,49","127,49","127,49","127,49","0,02K","-0,37%"
"12.04.2011","127,96","127,96","127,96","127,96","0,01K","-1,37%"
"11.04.2011","129,74","129,74","129,74","129,74","-","-0,27%"
"08.04.2011","130,09","130,09","130,09","130,09","0,04K","1,21%"
"07.04.2011","128,54","128,54","128,54","128,54","0,01K","-1,31%"
"06.04.2011","130,24","130,24","130,24","130,24","0,01K","0,07%"
"05.04.2011","130,15","130,15","130,15","130,15","0,02K","-1,09%"
"04.04.2011","131,59","131,59","131,59","131,59","-","0,83%"
"01.04.2011","130,51","130,51","130,51","130,51","-","0,87%"
"31.03.2011","129,39","129,39","129,39","129,39","-","1,78%"
"30.03.2011","127,13","127,13","127,13","127,13","-","-0,67%"
"29.03.2011","127,99","127,99","127,99","127,99","-","-1,13%"
"28.03.2011","129,45","129,45","129,45","129,45","-","0,13%"
"25.03.2011","129,28","129,28","129,28","129,28","-","-0,16%"
"24.03.2011","129,49","129,49","129,49","129,49","0,01K","-0,84%"
"23.03.2011","130,59","130,59","130,59","130,59","0,01K","0,35%"
"22.03.2011","130,14","130,14","130,14","130,14","-","0,51%"
"21.03.2011","129,48","129,48","129,48","129,48","0,01K","1,58%"
"18.03.2011","127,46","127,46","127,46","127,46","-","-0,04%"
"17.03.2011","127,51","127,51","127,51","127,51","-","-2,63%"
"16.03.2011","130,95","130,95","130,95","130,95","0,02K","0,81%"
"15.03.2011","129,90","129,90","129,90","129,90","0,05K","1,85%"
"14.03.2011","127,54","127,54","127,54","127,54","0,01K","2,77%"
"11.03.2011","124,10","124,10","124,10","124,10","0,01K","1,20%"
"10.03.2011","122,63","122,63","122,63","122,63","0,01K","-0,75%"
"09.03.2011","123,56","123,56","123,56","123,56","-","0,06%"
"08.03.2011","123,49","123,49","123,49","123,49","0,01K","-0,80%"
"07.03.2011","124,49","124,49","124,49","124,49","0,01K","0,70%"
"04.03.2011","123,63","123,63","123,63","123,63","0,01K","0,20%"
"03.03.2011","123,38","123,38","123,38","123,38","-","0,18%"
"02.03.2011","123,16","123,16","123,16","123,16","0,05K","0,30%"
"01.03.2011","122,79","122,79","122,79","122,79","-","-0,53%"
"28.02.2011","123,45","123,45","123,45","123,45","0,06K","0,93%"
"25.02.2011","122,31","122,31","122,31","122,31","-","0,01%"
"24.02.2011","122,30","122,30","122,30","122,30","-","-0,29%"
"23.02.2011","122,65","122,65","122,65","122,65","0,01K","-0,81%"
"22.02.2011","123,65","123,65","123,65","123,65","-","0,60%"
"21.02.2011","122,91","122,91","122,91","122,91","0,02K","2,09%"
"18.02.2011","120,39","120,39","120,39","120,39","-","0,65%"
"17.02.2011","119,61","119,61","119,61","119,61","-","0,47%"
"16.02.2011","119,05","119,05","119,05","119,05","0,01K","0,57%"
"15.02.2011","118,38","118,38","118,38","118,38","0,01K","-0,21%"
"14.02.2011","118,63","118,63","118,63","118,63","-","-0,08%"
"11.02.2011","118,73","118,73","118,73","118,73","0,01K","1,50%"
"10.02.2011","116,98","116,98","116,98","116,98","-","0,36%"
"09.02.2011","116,56","116,56","116,56","116,56","-","-0,29%"
"08.02.2011","116,90","116,90","116,90","116,90","0,01K","-0,18%"
"07.02.2011","117,11","117,11","117,11","117,11","-","-2,01%"
"04.02.2011","119,51","119,51","119,51","119,51","-","-0,62%"
"03.02.2011","120,25","120,25","120,25","120,25","0,01K","0,70%"
"02.02.2011","119,41","119,41","119,41","119,41","0,02K","0,14%"
"01.02.2011","119,24","119,24","119,24","119,24","0,01K","0,33%"
"31.01.2011","118,85","118,85","118,85","118,85","-","-4,29%"
"28.01.2011","124,18","124,18","124,18","124,18","-","1,70%"
"27.01.2011","122,10","122,10","122,10","122,10","-","0,23%"
"26.01.2011","121,82","121,82","121,82","121,82","-","-0,15%"
"25.01.2011","122,00","122,00","122,00","122,00","0,01K","-0,29%"
"24.01.2011","122,36","122,36","122,36","122,36","-","-0,74%"
"21.01.2011","123,27","123,27","123,27","123,27","0,04K","-1,64%"
"20.01.2011","125,33","125,33","125,33","125,33","0,02K","-1,13%"
"19.01.2011","126,76","126,76","126,76","126,76","0,01K","0,96%"
"18.01.2011","125,56","125,56","125,56","125,56","-","0,03%"
"17.01.2011","125,52","125,52","125,52","125,52","-","-1,01%"
"14.01.2011","126,80","126,80","126,80","126,80","-","-2,24%"
"13.01.2011","129,71","129,71","129,71","129,71","0,01K","-0,31%"
"12.01.2011","130,11","130,11","130,11","130,11","0,03K","-0,60%"
"11.01.2011","130,89","130,89","130,89","130,89","-","-0,49%"
"10.01.2011","131,53","131,53","131,53","131,53","0,01K","1,65%"
"07.01.2011","129,39","129,39","129,39","129,39","-","2,65%"
"06.01.2011","126,05","126,05","126,05","126,05","0,01K","2,50%"
"05.01.2011","122,97","122,97","122,97","122,97","0,02K","-3,45%"
"04.01.2011","127,37","127,37","127,37","127,37","0,01K","0,36%"
"03.01.2011","126,91","126,91","126,91","126,91","-","0,00%"
"31.12.2010","126,91","126,91","126,91","126,91","-","0,21%"
"30.12.2010","126,65","126,65","126,65","126,65","0,01K","0,57%"
"29.12.2010","125,93","125,93","125,93","125,93","0,01K","3,93%"
"24.12.2010","121,17","121,17","121,17","121,17","-","-0,04%"
"23.12.2010","121,22","121,22","121,22","121,22","0,03K","0,43%"
"22.12.2010","120,70","120,70","120,70","120,70","0,02K","1,76%"
"21.12.2010","118,61","118,61","118,61","118,61","-","0,47%"
"20.12.2010","118,05","118,05","118,05","118,05","0,02K","0,54%"
"17.12.2010","117,42","117,42","117,42","117,42","0,04K","1,77%"
"16.12.2010","115,38","115,38","115,38","115,38","0,01K","1,31%"
"15.12.2010","113,89","113,89","113,89","113,89","0,02K","0,05%"
"14.12.2010","113,83","113,83","113,83","113,83","0,01K","-0,72%"
"13.12.2010","114,65","114,65","114,65","114,65","0,01K","0,54%"
"10.12.2010","114,03","114,03","114,03","114,03","0,02K","1,24%"
"09.12.2010","112,63","112,63","112,63","112,63","0,03K","0,45%"
"08.12.2010","112,13","112,13","112,13","112,13","0,01K","0,02%"
"07.12.2010","112,11","112,11","112,11","112,11","0,02K","-0,40%"
"06.12.2010","112,56","112,56","112,56","112,56","0,04K","1,06%"
"03.12.2010","111,38","111,38","111,38","111,38","0,10K","0,38%"
"02.12.2010","110,96","110,96","110,96","110,96","0,02K","1,00%"
"01.12.2010","109,86","109,86","109,86","109,86","-","0,02%"
"30.11.2010","109,84","109,84","109,84","109,84","0,01K","-0,55%"
"29.11.2010","110,45","110,45","110,45","110,45","0,02K","1,87%"
"26.11.2010","108,42","108,42","108,42","108,42","0,01K","0,25%"
"25.11.2010","108,15","108,15","108,15","108,15","0,01K","0,32%"
"24.11.2010","107,81","107,81","107,81","107,81","0,02K","0,04%"
"23.11.2010","107,77","107,77","107,77","107,77","0,01K","-1,22%"
"22.11.2010","109,10","109,10","109,10","109,10","-","0,34%"
"19.11.2010","108,73","108,73","108,73","108,73","0,04K","-0,48%"
"18.11.2010","109,25","109,25","109,25","109,25","0,02K","1,57%"
"17.11.2010","107,56","107,56","107,56","107,56","0,03K","-2,48%"
"16.11.2010","110,30","110,30","110,30","110,30","0,04K","-2,02%"
"15.11.2010","112,57","112,57","112,57","112,57","0,02K","1,61%"
"12.11.2010","110,79","110,79","110,79","110,79","0,06K","1,70%"
"11.11.2010","108,94","108,94","108,94","108,94","0,01K","1,29%"
"10.11.2010","107,55","107,55","107,55","107,55","0,03K","1,99%"
"09.11.2010","105,45","105,45","105,45","105,45","0,02K","0,25%"
"08.11.2010","105,19","105,19","105,19","105,19","0,01K","-0,33%"
"05.11.2010","105,54","105,54","105,54","105,54","0,01K","-0,47%"
"04.11.2010","106,04","106,04","106,04","106,04","0,02K","0,80%"
"03.11.2010","105,20","105,20","105,20","105,20","-","-0,38%"
"02.11.2010","105,60","105,60","105,60","105,60","0,02K","0,21%"
"01.11.2010","105,38","105,38","105,38","105,38","0,01K","1,00%"
"29.10.2010","104,34","104,34","104,34","104,34","0,03K","0,18%"
"28.10.2010","104,15","104,15","104,15","104,15","0,04K","0,66%"
"27.10.2010","103,47","103,47","103,47","103,47","0,02K","-0,92%"
"26.10.2010","104,43","104,43","104,43","104,43","0,02K","-0,50%"
"25.10.2010","104,96","104,96","104,96","104,96","0,07K","0,78%"
"22.10.2010","104,15","104,15","104,15","104,15","0,07K","-0,11%"
"21.10.2010","104,26","104,26","104,26","104,26","0,03K","0,70%"
"20.10.2010","103,54","103,54","103,54","103,54","0,03K","0,98%"
"19.10.2010","102,54","102,54","102,54","102,54","0,03K","-0,31%"
"18.10.2010","102,86","102,86","102,86","102,86","0,02K","1,34%"
"15.10.2010","101,50","101,50","101,50","101,50","0,04K","-0,10%"
"14.10.2010","101,60","101,60","101,60","101,60","0,06K","1,15%"
"13.10.2010","100,44","100,44","100,44","100,44","0,04K","1,54%"
"12.10.2010","98,92","98,92","98,92","98,92","0,02K","-0,35%"
"11.10.2010","99,27","99,27","99,27","99,27","0,02K","0,65%"
"08.10.2010","98,63","98,63","98,63","98,63","0,01K","0,03%"
"07.10.2010","98,60","98,60","98,60","98,60","0,02K","-0,03%"
"06.10.2010","98,63","98,63","98,63","98,63","0,01K","0,63%"
"05.10.2010","98,01","98,01","98,01","98,01","-","0,22%"
"04.10.2010","97,79","97,79","97,79","97,79","-","-0,54%"
"01.10.2010","98,32","98,32","98,32","98,32","0,01K","-0,03%"
"30.09.2010","98,35","98,35","98,35","98,35","0,02K","0,23%"
"29.09.2010","98,12","98,12","98,12","98,12","0,05K","0,55%"
"28.09.2010","97,58","97,58","97,58","97,58","-","0,17%"
"27.09.2010","97,41","97,41","97,41","97,41","0,02K","-0,20%"
"24.09.2010","97,61","97,61","97,61","97,61","0,02K","1,00%"
"23.09.2010","96,64","96,64","96,64","96,64","0,01K","-0,27%"
"22.09.2010","96,90","96,90","96,90","96,90","0,01K","0,34%"
"21.09.2010","96,57","96,57","96,57","96,57","-","0,09%"
"20.09.2010","96,48","96,48","96,48","96,48","0,01K","-0,60%"
"17.09.2010","97,06","97,06","97,06","97,06","-","0,29%"
"16.09.2010","96,78","96,78","96,78","96,78","0,01K","-0,15%"
"15.09.2010","96,93","96,93","96,93","96,93","0,04K","0,00%"
"14.09.2010","96,93","96,93","96,93","96,93","0,02K","0,75%"
"13.09.2010","96,21","96,21","96,21","96,21","0,03K","0,79%"
"10.09.2010","95,46","95,46","95,46","95,46","0,04K","0,26%"
"09.09.2010","95,21","95,21","95,21","95,21","0,03K","-0,24%"
"08.09.2010","95,44","95,44","95,44","95,44","0,06K","-1,09%"
"07.09.2010","96,49","96,49","96,49","96,49","0,01K","-0,46%"
"06.09.2010","96,94","96,94","96,94","96,94","0,01K","-0,48%"
"03.09.2010","97,41","97,41","97,41","97,41","0,02K","0,53%"
"02.09.2010","96,90","96,90","96,90","96,90","-","-0,09%"
"01.09.2010","96,99","96,99","96,99","96,99","0,01K","-0,14%"
"31.08.2010","97,13","97,13","97,13","97,13","0,02K","-0,12%"
"27.08.2010","97,25","97,25","97,25","97,25","0,05K","0,85%"
"26.08.2010","96,43","96,43","96,43","96,43","0,02K","0,34%"
"25.08.2010","96,10","96,10","96,10","96,10","0,01K","0,20%"
"24.08.2010","95,91","95,91","95,91","95,91","0,03K","-0,72%"
"23.08.2010","96,61","96,61","96,61","96,61","0,01K","0,11%"
"20.08.2010","96,50","96,50","96,50","96,50","-","0,56%"
"19.08.2010","95,96","95,96","95,96","95,96","-","0,28%"
"18.08.2010","95,69","95,69","95,69","95,69","0,01K","-0,23%"
"17.08.2010","95,91","95,91","95,91","95,91","0,01K","1,05%"
"16.08.2010","94,91","94,91","94,91","94,91","0,02K","-0,32%"
"13.08.2010","95,21","95,21","95,21","95,21","0,01K","-0,55%"
"12.08.2010","95,74","95,74","95,74","95,74","0,01K","-0,33%"
"11.08.2010","96,06","96,06","96,06","96,06","0,02K","-1,10%"
"10.08.2010","97,13","97,13","97,13","97,13","0,01K","-0,26%"
"09.08.2010","97,38","97,38","97,38","97,38","0,01K","0,08%"
"06.08.2010","97,30","97,30","97,30","97,30","0,02K","-0,81%"
"05.08.2010","98,09","98,09","98,09","98,09","0,05K","-0,85%"
"04.08.2010","98,93","98,93","98,93","98,93","0,02K","-0,91%"
"03.08.2010","99,84","99,84","99,84","99,84","-","0,90%"
"02.08.2010","98,95","98,95","98,95","98,95","0,01K","1,14%"
"30.07.2010","97,83","97,83","97,83","97,83","0,01K","0,33%"
"29.07.2010","97,51","97,51","97,51","97,51","-","0,69%"
"28.07.2010","96,84","96,84","96,84","96,84","-","-0,03%"
"27.07.2010","96,87","96,87","96,87","96,87","0,01K","-0,43%"
"26.07.2010","97,29","97,29","97,29","97,29","-","-0,32%"
"23.07.2010","97,60","97,60","97,60","97,60","0,01K","0,06%"
"22.07.2010","97,54","97,54","97,54","97,54","-","0,45%"
"21.07.2010","97,10","97,10","97,10","97,10","-","-0,62%"
"20.07.2010","97,71","97,71","97,71","97,71","-","-0,38%"
"19.07.2010","98,08","98,08","98,08","98,08","-","-0,63%"
"16.07.2010","98,70","98,70","98,70","98,70","0,05K","-0,03%"
"15.07.2010","98,73","98,73","98,73","98,73","0,02K","0,71%"
"14.07.2010","98,03","98,03","98,03","98,03","0,03K","0,62%"
"13.07.2010","97,43","97,43","97,43","97,43","0,01K","0,67%"
"12.07.2010","96,78","96,78","96,78","96,78","-","-0,08%"
"09.07.2010","96,86","96,86","96,86","96,86","0,04K","0,48%"
"08.07.2010","96,40","96,40","96,40","96,40","0,02K","0,70%"
"07.07.2010","95,73","95,73","95,73","95,73","-","-1,17%"
"06.07.2010","96,86","96,86","96,86","96,86","-","0,00%"
"05.07.2010","96,86","96,86","96,86","96,86","0,05K","0,08%"
"02.07.2010","96,78","96,78","96,78","96,78","0,03K","-1,69%"
"01.07.2010","98,44","98,44","98,44","98,44","0,08K","-1,30%"
"30.06.2010","99,74","99,74","99,74","99,74","0,02K","-0,22%"
"29.06.2010","99,96","99,96","99,96","99,96","-","-0,33%"
"28.06.2010","100,29","100,29","100,29","100,29","0,01K","1,25%"
"25.06.2010","99,05","99,05","99,05","99,05","0,02K","-0,35%"
"24.06.2010","99,40","99,40","99,40","99,40","0,01K","0,12%"
"23.06.2010","99,28","99,28","99,28","99,28","0,01K","-0,35%"
"22.06.2010","99,63","99,63","99,63","99,63","0,02K","-1,79%"
"21.06.2010","101,45","101,45","101,45","101,45","0,03K","0,04%"
"18.06.2010","101,41","101,41","101,41","101,41","0,03K","-0,25%"
"17.06.2010","101,66","101,66","101,66","101,66","0,03K","0,23%"
"16.06.2010","101,43","101,43","101,43","101,43","0,06K","0,15%"
"15.06.2010","101,28","101,28","101,28","101,28","0,02K","-0,13%"
"14.06.2010","101,41","101,41","101,41","101,41","-","1,15%"
"11.06.2010","100,26","100,26","100,26","100,26","0,01K","-0,15%"
"10.06.2010","100,41","100,41","100,41","100,41","0,02K","-0,30%"
"09.06.2010","100,71","100,71","100,71","100,71","0,02K","0,52%"
"08.06.2010","100,19","100,19","100,19","100,19","0,02K","-0,45%"
"07.06.2010","100,64","100,64","100,64","100,64","0,01K","0,26%"
"04.06.2010","100,38","100,38","100,38","100,38","0,01K","1,31%"
"03.06.2010","99,08","99,08","99,08","99,08","0,02K","0,08%"
"02.06.2010","99,00","99,00","99,00","99,00","-","0,26%"
"01.06.2010","98,74","98,74","98,74","98,74","-","-0,59%"
"31.05.2010","99,33","99,33","99,33","99,33","-","0,00%"
"28.05.2010","99,33","99,33","99,33","99,33","-","0,91%"
"27.05.2010","98,43","98,43","98,43","98,43","0,01K","-0,27%"
"26.05.2010","98,70","98,70","98,70","98,70","0,04K","0,02%"
"25.05.2010","98,68","98,68","98,68","98,68","0,01K","-1,79%"
"24.05.2010","100,48","100,48","100,48","100,48","0,02K","2,02%"
"21.05.2010","98,49","98,49","98,49","98,49","0,05K","1,40%"
"20.05.2010","97,13","97,13","97,13","97,13","0,01K","0,04%"
"19.05.2010","97,09","97,09","97,09","97,09","0,02K","-2,21%"
"18.05.2010","99,28","99,28","99,28","99,28","-","1,31%"
"17.05.2010","98,00","98,00","98,00","98,00","0,01K","-2,44%"
"14.05.2010","100,45","100,45","100,45","100,45","0,04K","-0,46%"
"13.05.2010","100,91","100,91","100,91","100,91","0,01K","1,28%"
"12.05.2010","99,63","99,63","99,63","99,63","0,01K","-0,71%"
"11.05.2010","100,34","100,34","100,34","100,34","0,03K","-2,12%"
"10.05.2010","102,51","102,51","102,51","102,51","0,02K","-0,18%"
"07.05.2010","102,70","102,70","102,70","102,70","0,01K","-1,59%"
"06.05.2010","104,36","104,36","104,36","104,36","0,02K","-1,35%"
"05.05.2010","105,79","105,79","105,79","105,79","0,01K","-3,02%"
"04.05.2010","109,08","109,08","109,08","109,08","-","1,74%"
"03.05.2010","107,21","107,21","107,21","107,21","-","0,00%"
"30.04.2010","107,21","107,21","107,21","107,21","0,01K","0,38%"
"29.04.2010","106,80","106,80","106,80","106,80","0,01K","0,66%"
"28.04.2010","106,10","106,10","106,10","106,10","0,01K","-2,62%"
"27.04.2010","108,95","108,95","108,95","108,95","0,01K","-0,27%"
"26.04.2010","109,25","109,25","109,25","109,25","0,01K","2,29%"
"23.04.2010","106,80","106,80","106,80","106,80","0,02K","2,11%"
"22.04.2010","104,59","104,59","104,59","104,59","0,01K","0,32%"
"21.04.2010","104,26","104,26","104,26","104,26","0,01K","2,34%"
"20.04.2010","101,88","101,88","101,88","101,88","0,03K","1,24%"
"19.04.2010","100,63","100,63","100,63","100,63","0,02K","1,04%"
"16.04.2010","99,59","99,59","99,59","99,59","-","-0,84%"
"15.04.2010","100,43","100,43","100,43","100,43","-","-0,32%"
"14.04.2010","100,75","100,75","100,75","100,75","0,01K","-0,05%"
"13.04.2010","100,80","100,80","100,80","100,80","0,02K","-0,83%"
"12.04.2010","101,64","101,64","101,64","101,64","0,01K","0,84%"
"09.04.2010","100,79","100,79","100,79","100,79","0,04K","0,03%"
"08.04.2010","100,76","100,76","100,76","100,76","0,03K","0,12%"
"07.04.2010","100,64","100,64","100,64","100,64","0,02K","5,12%"
"06.04.2010","95,74","95,74","95,74","95,74","0,01K","0,00%"
"05.04.2010","95,74","95,74","95,74","95,74","-","0,00%"
"01.04.2010","95,74","95,74","95,74","95,74","0,01K","1,47%"
"31.03.2010","94,35","94,35","94,35","94,35","0,01K","1,69%"
"30.03.2010","92,78","92,78","92,78","92,78","0,02K","1,22%"
"29.03.2010","91,66","91,66","91,66","91,66","0,01K","0,90%"
"26.03.2010","90,84","90,84","90,84","90,84","0,02K","0,72%"
"25.03.2010","90,19","90,19","90,19","90,19","0,01K","-0,11%"
"24.03.2010","90,29","90,29","90,29","90,29","-","-1,49%"
"23.03.2010","91,66","91,66","91,66","91,66","0,04K","-0,20%"
"22.03.2010","91,84","91,84","91,84","91,84","-","-1,39%"
"19.03.2010","93,13","93,13","93,13","93,13","0,02K","-0,11%"
"18.03.2010","93,23","93,23","93,23","93,23","-","-0,22%"
"17.03.2010","93,44","93,44","93,44","93,44","0,01K","-0,33%"
"16.03.2010","93,75","93,75","93,75","93,75","0,02K","0,83%"
"15.03.2010","92,98","92,98","92,98","92,98","0,01K","-0,14%"
"12.03.2010","93,11","93,11","93,11","93,11","0,03K","0,16%"
"11.03.2010","92,96","92,96","92,96","92,96","0,01K","-0,68%"
"10.03.2010","93,60","93,60","93,60","93,60","0,04K","1,68%"
"09.03.2010","92,05","92,05","92,05","92,05","-","-1,22%"
"08.03.2010","93,19","93,19","93,19","93,19","-","-0,22%"
"05.03.2010","93,40","93,40","93,40","93,40","0,01K","-0,14%"
"04.03.2010","93,53","93,53","93,53","93,53","-","-0,23%"
"03.03.2010","93,75","93,75","93,75","93,75","-","-0,21%"
"02.03.2010","93,95","93,95","93,95","93,95","0,01K","-0,54%"
"01.03.2010","94,46","94,46","94,46","94,46","-","0,00%"
"26.02.2010","94,46","94,46","94,46","94,46","-","-0,11%"
"25.02.2010","94,56","94,56","94,56","94,56","0,01K","-0,41%"
"24.02.2010","94,95","94,95","94,95","94,95","-","0,39%"
"23.02.2010","94,58","94,58","94,58","94,58","0,01K","0,34%"
"22.02.2010","94,26","94,26","94,26","94,26","-","0,16%"
"19.02.2010","94,11","94,11","94,11","94,11","0,01K","0,05%"
"18.02.2010","94,06","94,06","94,06","94,06","-","-0,34%"
"17.02.2010","94,38","94,38","94,38","94,38","-","-0,11%"
"16.02.2010","94,48","94,48","94,48","94,48","-","1,81%"
"15.02.2010","92,80","92,80","92,80","92,80","0,02K","1,10%"
"12.02.2010","91,79","91,79","91,79","91,79","0,01K","0,64%"
"11.02.2010","91,21","91,21","91,21","91,21","0,01K","-0,63%"
"10.02.2010","91,79","91,79","91,79","91,79","0,01K","0,12%"
"09.02.2010","91,68","91,68","91,68","91,68","-","2,39%"
"08.02.2010","89,54","89,54","89,54","89,54","-","-0,40%"
"05.02.2010","89,90","89,90","89,90","89,90","0,01K","-0,54%"
"04.02.2010","90,39","90,39","90,39","90,39","0,01K","-1,28%"
"03.02.2010","91,56","91,56","91,56","91,56","-","-0,29%"
"02.02.2010","91,83","91,83","91,83","91,83","0,03K","0,72%"
"01.02.2010","91,17","91,17","91,17","91,17","0,01K","0,51%"
"29.01.2010","90,71","90,71","90,71","90,71","0,01K","4,55%"
"28.01.2010","86,76","86,76","86,76","86,76","-","-6,62%"
"27.01.2010","92,91","92,91","92,91","92,91","-","-0,79%"
"26.01.2010","93,65","93,65","93,65","93,65","0,01K","-1,33%"
"25.01.2010","94,91","94,91","94,91","94,91","-","0,46%"
"22.01.2010","94,48","94,48","94,48","94,48","0,01K","-0,25%"
"21.01.2010","94,72","94,72","94,72","94,72","0,03K","-2,03%"
"20.01.2010","96,68","96,68","96,68","96,68","0,01K","-2,22%"
"19.01.2010","98,88","98,88","98,88","98,88","0,01K","0,61%"
"18.01.2010","98,28","98,28","98,28","98,28","-","0,45%"
"15.01.2010","97,84","97,84","97,84","97,84","0,01K","1,61%"
"14.01.2010","96,29","96,29","96,29","96,29","0,05K","1,23%"
"13.01.2010","95,12","95,12","95,12","95,12","0,04K","-1,33%"
"12.01.2010","96,40","96,40","96,40","96,40","0,06K","-2,08%"
"11.01.2010","98,45","98,45","98,45","98,45","0,01K","-1,92%"
"08.01.2010","100,38","100,38","100,38","100,38","0,01K","-1,32%"
"07.01.2010","101,72","101,72","101,72","101,72","0,03K","4,69%"
"06.01.2010","97,16","97,16","97,16","97,16","0,01K","1,12%"
"05.01.2010","96,08","96,08","96,08","96,08","0,01K","3,76%"
"04.01.2010","92,60","92,60","92,60","92,60","0,01K","2,77%"